1132.9399	3.4534605	1.8889866	2.4930155	8.5432491
1133.05	3.3732111	1.8819999	2.4740894	8.4684572
1133.16	3.2930379	1.8857037	2.4528503	8.3826532
1133.27	3.2124863	1.8798956	2.430485	8.2935925
1133.38	3.1319628	1.8736794	2.4074435	8.2120581
1133.49	3.0514431	1.8678877	2.3839886	8.1524277
1133.6	2.9708154	1.8619636	2.3600364	8.1203899
1133.71	2.8901775	1.8560839	2.3360307	8.1176348
1133.8199	2.8096299	1.8503402	2.3120749	8.1447468
1133.9301	2.7293427	1.8446139	2.2885206	8.194397
1134.04	2.6494858	1.838953	2.2655728	8.2523603
1134.15	2.5699315	1.8334962	2.2440541	8.3129206
1134.26	2.4903929	1.8277543	2.2236228	8.3727818
1134.37	2.4107425	1.8218405	2.2029297	8.4200897
1134.48	2.3308315	1.8161169	2.180948	8.4467421
1134.59	2.250402	1.8101039	2.1566761	8.4502211
1134.7	2.1697543	1.804253	2.12905	8.4297209
1134.8101	2.0891285	1.7986339	2.0976095	8.3865576
1134.92	2.0085969	1.7929286	2.0630319	8.3315201
1135.03	1.9280633	1.7872058	2.0258629	8.272706
1135.14	1.8475417	1.7816216	1.9866866	8.2129335
1135.25	1.7671021	1.7758352	1.9457623	8.1588964
1135.36	1.6872013	1.7698405	1.9036773	8.1222305
1135.47	1.6074286	1.763932	1.8612597	8.1076536
1135.58	1.527732	1.7580863	1.8191203	8.1165295
1135.6899	1.4481335	1.7523156	1.7777376	8.1494293
1135.8	1.368495	1.7466487	1.7379951	8.2011385
1135.91	1.2882557	1.7411795	1.7001512	8.2599688
1136.02	1.2079042	1.7356101	1.6623452	8.3208332
1136.13	1.1274468	1.7298552	1.6199523	8.3812065
1136.24	1.0468651	1.7242309	1.5712199	8.4296293
1136.35	0.96623534	1.7182728	1.5147803	8.4575405
1136.46	0.88557553	1.7123591	1.4501725	8.4622488
1136.5699	0.80483764	1.7066329	1.3790287	8.4433107
1136.6801	0.72472256	1.7010399	1.30565	8.4014387
1136.79	0.6449939	1.6953416	1.2314732	8.3469744
1136.9	0.56535333	1.6897573	1.1573142	8.2885399
1137.01	0.48577687	1.6841698	1.0833114	8.2290525
1137.12	0.40620443	1.6783886	1.0091227	8.1754055
1137.23	0.32602721	1.6720504	0.9349128	8.1413155
1137.34	0.24551563	1.6638284	0.86080706	8.132575
1137.45	0.16502205	1.6535614	0.78644669	8.1509094
1137.5601	0.08440432	1.6413121	0.71197617	8.1964569
1137.67	0.0037385321	1.6270841	0.63782305	8.2638979
1137.78	-0.076873191	1.6113628	0.56364149	8.3398266
1137.89	-0.15753697	1.5954838	0.48935688	8.418251
1138	-0.23825683	1.5796204	0.41524521	8.4963388
1138.11	-0.31828383	1.5635835	0.34119985	8.5615368
1138.22	-0.39811862	1.5476155	0.26681343	8.6029024
1138.33	-0.47789532	1.5316554	0.19242343	8.6168137
1138.4399	-0.55755788	1.5157119	0.11806542	8.6022577
1138.55	-0.63723451	1.4998964	0.043623321	8.5597258
1138.66	-0.71754587	1.4841071	-0.030785616	8.5011272
1138.77	-0.79799736	1.4683973	-0.10500625	8.4373636
1138.88	-0.8784349	1.4525661	-0.17929202	8.3721294
1138.99	-0.95905459	1.4366095	-0.25355411	8.3116884
1139.1	-1.0396844	1.42053	-0.32773802	8.2695694
1139.21	-1.1203101	1.4045645	-0.40209842	8.2513533
1139.3199	-1.2009418	1.3885365	-0.47656181	8.2589569
1139.4301	-1.2809789	1.372687	-0.55085588	8.2930298
1139.54	-1.3605253	1.3568524	-0.6251452	8.3490601
1139.65	-1.4400357	1.3411756	-0.69954586	8.4138699
1139.76	-1.519506	1.3254892	-0.77406138	8.4814625
1139.87	-1.5990324	1.3095804	-0.84934902	8.5492325
1139.98	-1.6792057	1.2934643	-0.92548823	8.6064329
1140.09	-1.7598033	1.2773569	-1.0025358	8.6437321
1140.2	-1.8404691	1.2613471	-1.0807084	8.6580124
1140.3101	-1.9211068	1.2453686	-1.1598853	8.6484184
1140.42	-2.0016725	1.2295523	-1.239428	8.615366
1140.53	-2.08214	1.2137674	-1.3193203	8.5683661
1140.64	-2.1626177	1.1981411	-1.4000059	8.516695
1140.75	-2.2428849	1.1823275	-1.481182	8.4637127
1140.86	-2.3227277	1.1663734	-1.562802	8.4143734
1140.97	-2.4023883	1.1502686	-1.6451339	8.3810349
1141.08	-2.4821329	1.1343294	-1.728393	8.3694782
1141.1899	-2.5618055	1.1183605	-1.8120761	8.38165
1141.3	-2.6415541	1.1025023	-1.8961382	8.4181986
1141.41	-2.7217755	1.0866225	-1.9806846	8.475585
1141.52	-2.8022549	1.070774	-2.0656776	8.5417194
1141.63	-2.8827186	1.0550247	-2.1509771	8.6106825
1141.74	-2.9632301	1.0390865	-2.2367566	8.6798964
1141.85	-3.0439	1.0229301	-2.3229527	8.739337
1141.96	-3.1245759	1.0068296	-2.4095941	8.7796469
1142.0699	-3.2051976	0.99098724	-2.4965234	8.7974319
1142.1801	-3.2851243	0.97503668	-2.583679	8.7915535
1142.29	-3.3648109	0.95920557	-2.6708462	8.7625494
1142.4	-3.4444175	0.94336838	-2.7579932	8.7191219
1142.51	-3.5240099	0.92778742	-2.8450563	8.6708002
1142.62	-3.6036224	0.91194934	-2.9320982	8.6211405
1142.73	-3.6838458	0.8959831	-3.0189989	8.5748472
1142.84	-3.7643592	0.87990093	-3.1058133	8.5441074
1142.95	-3.844943	0.86385101	-3.1925542	8.5351229
1143.0601	-3.9255528	0.8479057	-3.2792704	8.5498238
1143.17	-4.0060463	0.83206064	-3.3654962	8.5889292
1143.28	-4.0865841	0.81621385	-3.4513454	8.6494827
1143.39	-4.1671076	0.80042368	-3.5368249	8.7194862
1143.5	-4.2471466	0.78489679	-3.6219316	8.7924452
1143.61	-4.3268433	0.76895237	-3.7064545	8.8657846
1143.72	-4.4065418	0.7528702	-3.7905319	8.9293098
1143.83	-4.4862366	0.73680109	-3.8739414	8.9721594
1143.9399	-4.5659308	0.72101879	-3.9571519	8.9903765
1144.05	-4.6460361	0.70512056	-4.0399613	8.9830885
1144.16	-4.7264595	0.68932432	-4.1221933	8.9506044
1144.27	-4.8070312	0.67352897	-4.2037091	8.9016352
1144.38	-4.8876271	0.65779805	-4.2845421	8.8469505
1144.49	-4.9681826	0.64198524	-4.3645644	8.7906818
1144.6	-5.0488105	0.6260103	-4.4437637	8.7379465
1144.71	-5.129488	0.60997087	-4.522306	8.7045422
1144.8199	-5.2099638	0.59397238	-4.5971932	8.6990051
1144.9301	-5.2897744	0.57828248	-4.6646113	8.7240381
1145.04	-5.3694391	0.56249148	-4.7227893	8.780345
1145.15	-5.4490495	0.54668474	-4.7717943	8.86479
1145.26	-5.5285501	0.53091031	-4.8115735	8.9618664
1145.37	-5.6082306	0.51532328	-4.8452225	9.0628376
1145.48	-5.6885862	0.49934483	-4.8769827	9.1646051
1145.59	-5.7691336	0.483233	-4.9083133	9.2551765
1145.7	-5.8497634	0.46716043	-4.9396	9.3201857
1145.8101	-5.9304972	0.45115933	-4.9709892	9.3546066
1145.92	-6.0111451	0.43529773	-5.0023956	9.3569803
1146.03	-6.0917287	0.4194544	-5.0337558	9.3272247
1146.14	-6.1722903	0.40362415	-5.0649996	9.2755747
1146.25	-6.2522311	0.38785928	-5.0961347	9.2165565
1146.36	-6.3317318	0.37218246	-5.1271782	9.1553431
1146.47	-6.4113259	0.3561247	-5.1582375	9.0967054
1146.58	-6.4909325	0.34005386	-5.1893644	9.0555868
1146.6899	-6.570569	0.32397956	-5.2206984	9.0405645
1146.8	-6.6506624	0.30821031	-5.2521553	9.0540667
1146.91	-6.7311358	0.29238096	-5.2834229	9.0971518
1147.02	-6.8115935	0.2765969	-5.3139019	9.1673765
1147.13	-6.8920426	0.26080677	-5.3413739	9.250246
1147.24	-6.9725246	0.24502446	-5.365159	9.3370428
1147.35	-7.0530381	0.2291175	-5.385736	9.4250145
1147.46	-7.1336718	0.21300308	-5.40376	9.5057955
1147.5699	-7.2141294	0.19685553	-5.4199929	9.5694551
1147.6801	-7.2941003	0.18084921	-5.4370785	9.6121798
1147.79	-7.373765	0.16518371	-5.455987	9.6330976
1147.9	-7.4533873	0.14929943	-5.476141	9.6319113
1148.01	-7.5329318	0.13348052	-5.4973469	9.6152315
1148.12	-7.6126242	0.11774093	-5.5193548	9.5931063
1148.23	-7.6928396	0.10203359	-5.5420384	9.5693369
1148.34	-7.7733712	0.085969731	-5.565022	9.5477762
1148.45	-7.8539867	0.069899768	-5.5885077	9.5433016
1148.5601	-7.9346786	0.053785346	-5.6124496	9.5650578
1148.67	-8.0153103	0.037864443	-5.6366243	9.6155748
1148.78	-8.0959187	0.022180647	-5.6606975	9.6963472
1148.89	-8.1763515	0.0063713244	-5.684761	9.8050175
1149	-8.2561522	-0.0094815837	-5.7087998	9.9272261
1149.11	-8.3357029	-0.025263013	-5.7325411	10.053822
1149.22	-8.4152718	-0.041036595	-5.7561641	10.180834
1149.33	-8.4949322	-0.057307053	-5.7796879	10.29497
1149.4399	-8.5747347	-0.07345634	-5.8031559	10.384942
1149.55	-8.6550741	-0.089374632	-5.82619	10.447092
1149.66	-8.7356062	-0.10505494	-5.8489556	10.480265
1149.77	-8.8161278	-0.12093575	-5.8712368	10.485034
1149.88	-8.896575	-0.13670671	-5.8929129	10.472881
1149.99	-8.9769964	-0.15250993	-5.913857	10.455213
1150.1	-9.0574799	-0.1684413	-5.9342694	10.436031
1150.21	-9.138092	-0.18446942	-5.9538374	10.416427
1150.3199	-9.2183027	-0.20051932	-5.972527	10.400797
1150.4301	-9.2981377	-0.2166782	-5.9904237	10.401098
1150.54	-9.3778467	-0.23235852	-6.0074019	10.422903
1150.65	-9.4573965	-0.24687509	-6.0228581	10.468163
1150.76	-9.5368795	-0.2606917	-6.0368376	10.537123
1150.87	-9.6167917	-0.27351803	-6.0493126	10.626372
1150.98	-9.6971569	-0.2856034	-6.0598421	10.724089
1151.09	-9.7774811	-0.29713264	-6.0678205	10.823876
1151.2	-9.8560839	-0.30930781	-6.0736461	10.917433
1151.3101	-9.9320679	-0.32140538	-6.0773625	10.999481
