1235.35	-8.6777067	0.33742261	-4.9651012	7.5363426
1235.46	-8.6100168	0.40361536	-4.9661055	7.470849
1235.5699	-8.5401335	0.3933391	-4.9668484	7.4157233
1235.6801	-8.4695749	0.40486234	-4.9670343	7.3723311
1235.79	-8.3990383	0.41604209	-4.967144	7.3397398
1235.9	-8.3286295	0.42635009	-4.9672284	7.3173437
1236.01	-8.2581129	0.43690822	-4.9673862	7.3015079
1236.12	-8.1874838	0.44766423	-4.9675198	7.2878175
1236.23	-8.1168375	0.45872638	-4.967587	7.2748761
1236.34	-8.0461187	0.46980065	-4.9675326	7.2621546
1236.45	-7.9753118	0.48107281	-4.967494	7.2485924
1236.5599	-7.9046464	0.49234682	-4.9673266	7.2325377
1236.67	-7.8340402	0.5036031	-4.9669871	7.2137427
1236.78	-7.7635412	0.51482022	-4.9662118	7.1920066
1236.89	-7.6930594	0.52642554	-4.9654984	7.1668143
1237	-7.6223869	0.53810465	-4.9647107	7.1388493
1237.11	-7.5516839	0.55001616	-4.9637046	7.1102514
1237.22	-7.4809651	0.56205463	-4.9622722	7.0816164
1237.33	-7.4102116	0.57431144	-4.9611688	7.0525365
1237.4399	-7.339375	0.58637697	-4.9595923	7.0248456
1237.55	-7.2686739	0.59876728	-4.9576659	7.0010386
1237.66	-7.1981211	0.61079174	-4.9553766	6.981668
1237.77	-7.1275768	0.62320071	-4.9531755	6.9669237
1237.88	-7.0568738	0.63585609	-4.949542	6.9570904
1237.99	-6.9861979	0.64847511	-4.9422727	6.9509482
1238.1	-6.9155884	0.66105676	-4.9303641	6.9462919
1238.21	-6.844842	0.67421335	-4.9140515	6.9421544
1238.3199	-6.7741003	0.68734103	-4.8933873	6.9381127
1238.4301	-6.7034578	0.70030534	-4.8690639	6.9337978
1238.54	-6.6328187	0.71366078	-4.843524	6.9284072
1238.65	-6.5622435	0.72703111	-4.8176651	6.9211969
1238.76	-6.4917026	0.74037343	-4.7916389	6.9117761
1238.87	-6.4211116	0.75386602	-4.7651272	6.9001164
1238.98	-6.3504572	0.76742774	-4.7383657	6.8867025
1239.09	-6.2798557	0.7809726	-4.711534	6.8722649
1239.2	-6.2091718	0.79453057	-4.6847014	6.8575854
1239.3099	-6.1383696	0.80805862	-4.6576934	6.8429675
1239.42	-6.0677061	0.8214103	-4.630671	6.8287535
1239.53	-5.9971638	0.8347069	-4.6037068	6.8161497
1239.64	-5.9265819	0.84799606	-4.5771403	6.8061962
1239.75	-5.8559198	0.86142427	-4.551125	6.7986622
1239.86	-5.7853017	0.87540781	-4.5252767	6.793869
1239.97	-5.7145896	0.88943523	-4.4993939	6.791749
1240.08	-5.6438503	0.90344959	-4.4735622	6.7907209
1240.1899	-5.5730896	0.91750592	-4.4474378	6.7895918
1240.3	-5.5023932	0.93193936	-4.4196315	6.7887344
1240.41	-5.4317698	0.94574934	-4.3857751	6.7878585
1240.52	-5.3612151	0.95946687	-4.3436785	6.785841
1240.63	-5.2907076	0.97381443	-4.2926068	6.7820749
1240.74	-5.2199783	0.98826844	-4.2323332	6.7763762
1240.85	-5.1492701	1.002336	-4.1637492	6.7684855
1240.96	-5.0785928	1.0168656	-4.091713	6.758441
1241.0699	-5.0077529	1.031426	-4.0186992	6.7471642
1241.1801	-4.9368262	1.0458678	-3.9453871	6.7355576
1241.29	-4.8661766	1.0601705	-3.8721118	6.7239742
1241.4	-4.7956395	1.0746263	-3.7988544	6.7126846
1241.51	-4.72504	1.0889114	-3.7256303	6.7025523
1241.62	-4.6545377	1.1033747	-3.6524639	6.6944108
1241.73	-4.5839171	1.1179463	-3.5791321	6.6887665
1241.84	-4.5131726	1.1325244	-3.5056939	6.6856909
1241.95	-4.4424434	1.1473023	-3.4323058	6.6852016
1242.0599	-4.3716192	1.1618495	-3.3589952	6.6862545
1242.17	-4.300817	1.1767132	-3.2855392	6.6881185
1242.28	-4.2301574	1.191043	-3.2123213	6.6903133
1242.39	-4.1596441	1.2057378	-3.1390743	6.6924925
1242.5	-4.0890398	1.2201405	-3.0658963	6.6938324
1242.61	-4.018435	1.2350378	-2.9925981	6.6937084
1242.72	-3.9478095	1.2495813	-2.9192424	6.6918163
1242.83	-3.8771842	1.2645599	-2.8458219	6.6879749
1242.9399	-3.806448	1.2791389	-2.7724912	6.6825013
1243.05	-3.7357068	1.2940241	-2.6990864	6.6759439
1243.16	-3.665076	1.308563	-2.6256828	6.6690154
1243.27	-3.5944681	1.3233081	-2.552422	6.6619978
1243.38	-3.5239654	1.3377612	-2.4792137	6.6549606
1243.49	-3.4534404	1.3526044	-2.4060795	6.6485972
1243.6	-3.3828115	1.3673636	-2.3327029	6.6439877
1243.71	-3.312053	1.3821629	-2.2593808	6.6418209
1243.8199	-3.2413669	1.3970882	-2.1860471	6.6423049
1243.9301	-3.1705322	1.4119015	-2.1126516	6.6456704
1244.04	-3.0997493	1.4267055	-2.0391498	6.651185
1244.15	-3.0291395	1.4412051	-1.9659297	6.6577539
1244.26	-2.958715	1.4558756	-1.8926598	6.6646152
1244.37	-2.8881466	1.4702587	-1.8194462	6.6714678
1244.48	-2.817528	1.4851215	-1.7463214	6.677557
1244.59	-2.7468889	1.4996613	-1.6730033	6.6821523
1244.7	-2.6762495	1.5143842	-1.5995536	6.6849184
1244.8099	-2.6055515	1.5289911	-1.5261948	6.6857853
1244.92	-2.5348639	1.5436794	-1.4527911	6.6846886
1245.03	-2.4642644	1.5580578	-1.379287	6.6823554
1245.14	-2.3936563	1.5723839	-1.3060462	6.6793661
1245.25	-2.3231053	1.5869479	-1.2328985	6.6760683
1245.36	-2.2523935	1.601275	-1.1596901	6.6725774
1245.47	-2.1816227	1.615756	-1.0863731	6.6693439
1245.58	-2.1108952	1.6302642	-1.0130435	6.6676702
1245.6899	-2.0402248	1.6447246	-0.93970245	6.6683621
1245.8	-1.9695008	1.6591189	-0.86618274	6.6717792
1245.91	-1.8988426	1.6735364	-0.79280096	6.6779394
1246.02	-1.8282984	1.6876087	-0.71944946	6.6866765
1246.13	-1.7577889	1.7016819	-0.64615434	6.6964436
1246.24	-1.6871895	1.7160611	-0.5728488	6.7065358
1246.35	-1.6164258	1.7301455	-0.49975434	6.7163963
1246.46	-1.5457467	1.7441328	-0.42636314	6.7260966
1246.5699	-1.4750279	1.7584188	-0.35299909	6.7343473
1246.6801	-1.4043385	1.7726814	-0.27991503	6.7404323
1246.79	-1.3337269	1.7866024	-0.20796664	6.7444148
1246.9	-1.2631431	1.8004618	-0.13758539	6.7460933
1247.01	-1.1926577	1.8141775	-0.069238283	6.7456913
1247.12	-1.1221309	1.8277149	-0.0027017475	6.7439814
1247.23	-1.0514709	1.8410563	0.062390935	6.7418833
1247.34	-0.98068291	1.8545499	0.12687035	6.7392554
1247.45	-0.9100281	1.867992	0.19124319	6.7369456
1247.5599	-0.83927989	1.8815752	0.25576857	6.7358642
1247.67	-0.76851267	1.8950715	0.3203117	6.7371836
1247.78	-0.69793397	1.9084083	0.38459259	6.7412291
1247.89	-0.62738121	1.9216844	0.44889128	6.7481847
1248	-0.55688554	1.9349511	0.51317322	6.7576833
1248.11	-0.48629299	1.9479407	0.57728487	6.7685642
1248.22	-0.41565031	1.9608667	0.64137143	6.7797351
1248.33	-0.34487095	1.9739076	0.70577669	6.7910805
1248.4399	-0.2741383	1.9868327	0.7701683	6.8023663
1248.55	-0.20339009	1.9993416	0.8344931	6.8134971
1248.66	-0.13266437	2.0121593	0.89896834	6.8244467
1248.77	-0.061988797	2.0246131	0.96336937	6.8351183
1248.88	0.0085656866	2.0368924	1.0275866	6.8453579
1248.99	0.079201467	2.0484605	1.0917683	6.8552094
1249.1	0.14979401	2.0588198	1.1559415	6.864594
1249.21	0.22050935	2.0675886	1.2201984	6.8736281
1249.3199	0.29123509	2.0751917	1.2846047	6.8828526
1249.4301	0.36199367	2.0811327	1.3489493	6.8921709
1249.54	0.43265885	2.0861793	1.4133472	6.9025025
1249.65	0.50344169	2.09128	1.4778444	6.9151011
1249.76	0.57404113	2.0961056	1.542214	6.9303679
1249.87	0.64458007	2.1009393	1.6064876	6.9481945
1249.98	0.71505147	2.1060326	1.6707079	6.9685121
1250.09	0.78571498	2.1110961	1.7349973	6.9904499
1250.2	0.85638016	2.1161623	1.799204	7.0130138
1250.3099	0.92703152	2.1214321	1.8602587	7.03578
1250.42	0.99773818	2.1265068	1.9156748	7.0585108
1250.53	1.0685539	2.131561	1.9650187	7.0793443
1250.64	1.1390928	2.1365526	2.0081265	7.0955591
1250.75	1.2095677	2.1413863	2.0450661	7.1057186
1250.86	1.2800634	2.1462939	2.0791659	7.1091523
1250.97	1.3506265	2.1515179	2.113126	7.1056395
1251.08	1.4212259	2.1566224	2.1478767	7.0969996
1251.1899	1.4920157	2.1617382	2.1834905	7.0862274
1251.3	1.562719	2.1670742	2.2198648	7.074697
1251.41	1.6334931	2.1721714	2.2567992	7.0631046
1251.52	1.7042673	2.1771023	2.2938693	7.0532284
1251.63	1.7748131	2.182091	2.3306489	7.0482192
1251.74	1.8452551	2.1869733	2.3670723	7.0495229
1251.85	1.9157594	2.191855	2.4025493	7.0575314
1251.96	1.9863814	2.197078	2.4369125	7.07233
1252.0699	2.0569861	2.2021134	2.4703	7.0927048
1252.1801	2.1276875	2.20716	2.5021484	7.1156268
1252.29	2.1984894	2.2124176	2.5322614	7.139369
1252.4	2.2693069	2.217412	2.5598869	7.163537
1252.51	2.3398647	2.2222469	2.5829856	7.1866159
1252.62	2.4103534	2.227273	2.6003797	7.2044549
1252.73	2.4808388	2.2323263	2.6125104	7.2144775
1252.84	2.5513482	2.2372413	2.6198688	7.21593
1252.95	2.6219962	2.2424877	2.6233518	7.2084737
1253.0599	2.6927047	2.2477303	2.6250341	7.1935029
1253.17	2.7634616	2.2528143	2.6262605	7.174819
1253.28	2.8341942	2.2578993	2.6271465	7.1550965
1253.39	2.9048886	2.2630262	2.6274838	7.1351271
1253.5	2.9754362	2.2678573	2.6276741	7.1158013
1253.61	3.0459647	2.2727396	2.6277263	7.0989823
1253.72	3.1165261	2.2778881	2.6275623	7.0857592
