1111.743	-7.9597039	0.4823007	-4.9680514	7.1441345
1111.754	-7.9537587	0.48324811	-4.9680738	7.1405802
1111.765	-7.9477706	0.48414138	-4.9680996	7.1371174
1111.776	-7.9417419	0.48503494	-4.9681153	7.1336784
1111.787	-7.9356732	0.48588416	-4.9681044	7.1299434
1111.798	-7.929565	0.48685607	-4.9680529	7.1261616
1111.809	-7.9234176	0.48788625	-4.9679585	7.1223793
1111.8199	-7.917232	0.4888446	-4.9678259	7.1184735
1111.8311	-7.9110131	0.49000874	-4.9676681	7.1143894
1111.842	-7.9047685	0.49151933	-4.9675064	7.1105013
1111.853	-7.8985105	0.49285555	-4.9673615	7.106667
1111.864	-7.8922505	0.49394503	-4.9672451	7.1027417
1111.875	-7.8860006	0.49505645	-4.9671659	7.0987754
1111.886	-7.8797655	0.49612278	-4.9671235	7.0949283
1111.897	-7.8735456	0.49694678	-4.9671097	7.0910749
1111.908	-7.8673368	0.49774671	-4.9671178	7.0871429
1111.9189	-7.8611317	0.49871358	-4.9671392	7.0831485
1111.9301	-7.8549218	0.4996275	-4.9671693	7.0792465
1111.941	-7.8487005	0.50040632	-4.9672065	7.0753274
1111.952	-7.8424659	0.50112396	-4.9672518	7.0713511
1111.963	-7.8362193	0.50197262	-4.9673042	7.0674067
1111.974	-7.8299637	0.5028497	-4.967361	7.0636592
1111.985	-7.8237081	0.50366795	-4.9674206	7.0599132
1111.996	-7.817462	0.50476801	-4.9674764	7.0560918
1112.007	-7.8112316	0.50615716	-4.9675226	7.0523133
1112.0179	-7.8050165	0.50744265	-4.9675565	7.0485044
1112.0291	-7.7988143	0.50853974	-4.9675789	7.0445595
1112.04	-7.7926149	0.50972706	-4.967587	7.0406208
1112.051	-7.7864056	0.51076388	-4.9675808	7.0368075
1112.062	-7.7801757	0.51171803	-4.9675641	7.0329843
1112.073	-7.7739205	0.512613	-4.9675384	7.0292602
1112.084	-7.7676411	0.51353699	-4.9675031	7.0255957
1112.095	-7.7613435	0.51455373	-4.9674625	7.0219302
1112.106	-7.7550383	0.51542377	-4.9674206	7.0182891
1112.1169	-7.7487388	0.51612157	-4.9673753	7.0146494
1112.1281	-7.742455	0.51699358	-4.9673233	7.0108585
1112.139	-7.7361913	0.51795214	-4.967257	7.0071359
1112.15	-7.7299466	0.51894057	-4.9671664	7.003449
1112.161	-7.7237153	0.52016002	-4.9670367	6.9996033
1112.172	-7.7174878	0.52158177	-4.9668579	6.9957519
1112.183	-7.7112541	0.52287209	-4.9666262	6.9920812
1112.194	-7.7050095	0.52396059	-4.9663434	6.9883122
1112.205	-7.6987543	0.52495325	-4.9660211	6.9845314
1112.2159	-7.692492	0.52593231	-4.9656754	6.980855
1112.2271	-7.6862292	0.52684861	-4.9653263	6.9771223
1112.238	-7.6799703	0.52765822	-4.9649935	6.9733438
1112.249	-7.6737175	0.52866244	-4.9646902	6.969605
1112.26	-7.6674671	0.53001702	-4.9644227	6.9657817
1112.271	-7.6612158	0.53131372	-4.9641933	6.961956
1112.282	-7.6549602	0.53244382	-4.9639969	6.9582057
1112.293	-7.6486998	0.53357261	-4.9638267	6.9544559
1112.304	-7.6424365	0.53457773	-4.9636769	6.9507504
1112.3149	-7.6361747	0.53544396	-4.9635463	6.9470639
1112.326	-7.6299205	0.5363239	-4.9634347	6.9432802
1112.337	-7.6236777	0.53720194	-4.9633427	6.9395466
1112.348	-7.6174502	0.53805131	-4.9632711	6.9356718
1112.359	-7.611238	0.5389294	-4.9632192	6.9318123
1112.37	-7.6050415	0.53966147	-4.9631796	6.9280324
1112.381	-7.5988607	0.5404166	-4.9631443	6.9242568
1112.392	-7.5926948	0.54130882	-4.9631052	6.9204559
1112.403	-7.5865426	0.54212886	-4.9630556	6.9167342
1112.4141	-7.5804029	0.54322463	-4.9629917	6.9130378
1112.425	-7.5742717	0.54458207	-4.962914	6.9092064
1112.436	-7.5681438	0.54588425	-4.9628258	6.9055195
1112.447	-7.5620151	0.5470711	-4.9627328	6.9017539
1112.458	-7.5558825	0.54818094	-4.9626384	6.8980947
1112.469	-7.549747	0.54914433	-4.9625473	6.8944087
1112.48	-7.5436115	0.55010968	-4.96246	6.8907623
1112.491	-7.5374765	0.55106282	-4.962378	6.8870978
1112.502	-7.5313406	0.55196089	-4.9623013	6.8834357
1112.5131	-7.5251956	0.55313015	-4.9622331	6.8796954
1112.524	-7.5190301	0.55452228	-4.9621763	6.8759327
1112.535	-7.5128336	0.55577248	-4.9621382	6.8722324
1112.546	-7.5066032	0.556907	-4.9621272	6.8685436
1112.557	-7.5003419	0.55801141	-4.9621482	6.8649354
1112.568	-7.4940591	0.55894285	-4.9622011	6.8613186
1112.579	-7.4877701	0.55975562	-4.9622817	6.857585
1112.59	-7.4814854	0.56057334	-4.9623795	6.8537421
1112.601	-7.4752092	0.5615384	-4.9624782	6.8498716
1112.6121	-7.4689412	0.56272489	-4.9625635	6.8459015
1112.623	-7.462676	0.56412596	-4.9626269	6.8418713
1112.634	-7.4564052	0.5655247	-4.9626651	6.8378363
1112.645	-7.4501247	0.566926	-4.9626789	6.833879
1112.656	-7.4438319	0.56818271	-4.9626751	6.8299842
1112.667	-7.4375272	0.56914186	-4.9626608	6.826107
1112.678	-7.4312143	0.57006866	-4.962636	6.8224015
1112.689	-7.4248977	0.57104379	-4.9625936	6.8187909
1112.7	-7.4185834	0.57191312	-4.9625196	6.8152356
1112.7111	-7.4122772	0.57281047	-4.9623976	6.8115659
1112.722	-7.4059839	0.5740965	-4.9622102	6.8077559
1112.733	-7.3997045	0.57554245	-4.9619484	6.8037963
1112.744	-7.393435	0.57677078	-4.9616189	6.7998424
1112.755	-7.3871684	0.57794678	-4.9612389	6.7957535
1112.766	-7.3808951	0.57912099	-4.9608297	6.79175
1112.777	-7.3746076	0.58021712	-4.9604154	6.7880406
1112.788	-7.3683033	0.58112919	-4.9600172	6.7843761
1112.799	-7.3619852	0.5820542	-4.9596477	6.7806816
1112.8101	-7.3556614	0.58319712	-4.9593096	6.7770681
1112.821	-7.3493414	0.58459359	-4.9590044	6.7734613
1112.832	-7.3430333	0.58586597	-4.9587317	6.7697191
1112.843	-7.3367424	0.58703905	-4.9584875	6.7660327
1112.854	-7.3304696	0.5882414	-4.9582686	6.7624702
1112.865	-7.3242106	0.58923846	-4.958075	6.7588811
1112.876	-7.3179617	0.59002912	-4.9579039	6.755218
1112.887	-7.311717	0.59086043	-4.9577522	6.7515545
1112.8979	-7.3054709	0.59183419	-4.9576206	6.7477989
1112.9091	-7.2992191	0.5928241	-4.9575114	6.7439179
1112.92	-7.2929587	0.59394658	-4.9574265	6.7400041
1112.931	-7.2866902	0.59513134	-4.9573674	6.7360468
1112.942	-7.2804132	0.59638911	-4.9573321	6.7321677
1112.953	-7.2741308	0.59745258	-4.9573145	6.7283807
1112.964	-7.2678466	0.59835881	-4.9573059	6.7246509
1112.975	-7.2615619	0.59938788	-4.9572959	6.7210412
1112.986	-7.2552776	0.60034978	-4.9572735	6.7176061
1112.9969	-7.2489939	0.60120946	-4.9572334	6.7142863
1113.0081	-7.2427106	0.60222119	-4.9571681	6.7111697
1113.019	-7.2364259	0.60352892	-4.9570684	6.7083483
1113.03	-7.2301426	0.60485548	-4.9569263	6.7057962
1113.041	-7.2238631	0.60602397	-4.9567356	6.7035427
1113.052	-7.2175899	0.60711592	-4.9564886	6.7015119
1113.063	-7.211328	0.60815114	-4.9561882	6.6997466
1113.074	-7.2050815	0.60906619	-4.9558458	6.6983256
1113.085	-7.1988492	0.60982215	-4.9554796	6.6970768
1113.0959	-7.1926289	0.61061931	-4.9551091	6.6960444
1113.1071	-7.1864157	0.61166304	-4.9547553	6.6952405
1113.118	-7.1802011	0.61288047	-4.954432	6.6945739
1113.129	-7.1739783	0.61411017	-4.954144	6.6939611
1113.14	-7.1677413	0.61538446	-4.9538908	6.6934171
1113.151	-7.16149	0.61660635	-4.9536662	6.6930766
1113.162	-7.1552238	0.61762661	-4.9534631	6.6929374
1113.173	-7.1489482	0.61850584	-4.9532762	6.6929574
1113.184	-7.1426687	0.61943382	-4.9531021	6.6930337
1113.1949	-7.1363921	0.62033874	-4.9529381	6.6932621
1113.2061	-7.1301222	0.6212886	-4.9527841	6.6935139
1113.217	-7.1238618	0.62247801	-4.9526377	6.6938252
1113.228	-7.1176124	0.62377363	-4.9524951	6.6941285
1113.239	-7.1113744	0.62505257	-4.952352	6.6946201
1113.25	-7.1051488	0.62635791	-4.9522004	6.6952376
1113.261	-7.0989375	0.62781173	-4.9520307	6.6958451
1113.272	-7.0927444	0.62924969	-4.9518332	6.6964808
1113.283	-7.0865717	0.6305598	-4.9516015	6.6970911
1113.2939	-7.08042	0.63165683	-4.9513292	6.6976871
1113.3051	-7.0742855	0.63263994	-4.9510217	6.6983423
1113.316	-7.0681634	0.63355982	-4.9506903	6.6990762
1113.327	-7.062047	0.63443428	-4.9503498	6.6997395
1113.338	-7.0559292	0.63533336	-4.9500184	6.7005005
1113.349	-7.0498037	0.63631135	-4.9497113	6.7013144
1113.36	-7.0436664	0.63748205	-4.9494376	6.7019434
1113.371	-7.0375128	0.63878202	-4.9491997	6.7026134
1113.382	-7.0313401	0.63994437	-4.9489965	6.7034736
1113.3929	-7.0251489	0.64098483	-4.948823	6.7042928
1113.4041	-7.0189433	0.64198738	-4.9486694	6.7051344
1113.415	-7.0127287	0.64293391	-4.9485302	6.7061577
1113.426	-7.0065126	0.64376473	-4.9483976	6.7070894
1113.437	-7.0003018	0.64456803	-4.9482632	6.7079296
1113.448	-6.9940963	0.64556509	-4.9481173	6.7087789
1113.459	-6.9878917	0.64680994	-4.9479513	6.709538
1113.47	-6.9816828	0.64803314	-4.9477568	6.7102761
1113.481	-6.9754624	0.64917159	-4.9475231	6.7110553
1113.4919	-6.9692259	0.65036899	-4.9472418	6.7118402
1113.5031	-6.9629741	0.65142649	-4.9469066	6.7126894
1113.514	-6.9567113	0.65219891	-4.9465075	6.713531
1113.525	-6.9504414	0.65302843	-4.9460306	6.7143717
1113.536	-6.9441686	0.65407115	-4.9454603	6.7151241
1113.547	-6.9378967	0.65515286	-4.9447756	6.7158952
1113.558	-6.9316273	0.65641373	-4.9439526	6.7165632
1113.569	-6.9253597	0.65783238	-4.9429679	6.7171946
1113.58	-6.919095	0.65930194	-4.9418092	6.717864
1113.5909	-6.9128313	0.66074771	-4.940475	6.7186861
1113.6021	-6.9065652	0.66221792	-4.9389777	6.7193508
1113.613	-6.9002924	0.66370726	-4.9373403	6.7201533
1113.624	-6.8940091	0.66511863	-4.935596	6.7211657
1113.635	-6.8877139	0.6662572	-4.9337778	6.7220354
1113.646	-6.8814068	0.66716713	-4.9319139	6.7228785
1113.657	-6.8750925	0.6681782	-4.9300218	6.7237563
1113.668	-6.8687758	0.66920364	-4.928112	6.7245269
1113.679	-6.8624611	0.67010623	-4.9261842	6.7252822
1113.6901	-6.8561511	0.67117733	-4.9242311	6.7260256
1113.701	-6.8498483	0.67261356	-4.9222436	6.7268329
1113.712	-6.8435535	0.67394739	-4.9202127	6.7277656
1113.723	-6.837266	0.67508245	-4.9181314	6.7288065
1113.734	-6.8309846	0.67638284	-4.9159942	6.7297707
1113.745	-6.8247075	0.67793381	-4.9137993	6.730782
1113.756	-6.8184299	0.67929161	-4.91155	6.7316604
1113.767	-6.8121452	0.68037981	-4.9092517	6.7325125
1113.778	-6.8058519	0.68139833	-4.9069147	6.7333322
1113.7891	-6.7995496	0.68245828	-4.9045544	6.734066
1113.8	-6.7932401	0.6833021	-4.9021907	6.7348614
1113.811	-6.7869306	0.68401343	-4.8998427	6.7357163
1113.822	-6.7806296	0.68493873	-4.8975286	6.7365909
1113.833	-6.7743416	0.68612081	-4.8952575	6.7375574
1113.844	-6.7680664	0.68726891	-4.8930273	6.7385197
1113.855	-6.7618032	0.68840986	-4.8908262	6.7394543
1113.866	-6.7555451	0.68969625	-4.8886328	6.7403622
1113.877	-6.7492871	0.69109452	-4.8864245	6.7413235
1113.8881	-6.7430243	0.69242662	-4.8841815	6.7421255
1113.899	-6.7367568	0.69369155	-4.8818903	6.7429504
1113.91	-6.7304854	0.69500953	-4.8795457	6.7436986
1113.921	-6.7242141	0.6961711	-4.8771501	6.7445335
1113.932	-6.7179456	0.69703496	-4.874712	6.7453094
1113.943	-6.7116809	0.69791162	-4.8722458	6.7461953
1113.954	-6.7054186	0.69894427	-4.8697696	6.7471457
1113.965	-6.6991529	0.69987684	-4.8673029	6.748209
1113.976	-6.6928797	0.70092314	-4.8648658	6.7491164
1113.9871	-6.6865954	0.70222044	-4.8624744	6.750082
1113.998	-6.6802993	0.70348459	-4.8601332	6.7510881
1114.009	-6.6739945	0.70466948	-4.8578367	6.7519608
1114.02	-6.6676884	0.70603979	-4.8555713	6.7528682
1114.031	-6.6613898	0.70746607	-4.8533139	6.7538586
1114.042	-6.6551056	0.70875371	-4.8510447	6.7547703
1114.053	-6.64884	0.7099328	-4.8487482	6.7555323
1114.064	-6.6425943	0.71088791	-4.8464193	6.7563753
1114.075	-6.636364	0.71176493	-4.8440619	6.7571054
1114.0861	-6.6301384	0.71266001	-4.8416905	6.7576923
1114.097	-6.623909	0.71354216	-4.8393245	6.7581635
1114.108	-6.6176686	0.71445698	-4.8369832	6.7585917
1114.119	-6.6114144	0.7157138	-4.8346848	6.7588162
1114.13	-6.6051478	0.71705198	-4.8324366	6.7589092
1114.141	-6.5988808	0.7182579	-4.8302345	6.7589102
1114.152	-6.5926251	0.71948707	-4.8280635	6.7587204
1114.163	-6.5863914	0.72087234	-4.8259001	6.7582912
1114.174	-6.5801888	0.72227377	-4.8237166	6.7578149
1114.1851	-6.5740228	0.72350049	-4.8214908	6.7571421
1114.196	-6.5678887	0.72461659	-4.8192096	6.7561612
1114.207	-6.56178	0.72560966	-4.8168697	6.7551756
1114.218	-6.555685	0.72655201	-4.814477	6.7540793
1114.229	-6.549592	0.72745395	-4.8120465	6.752697
1114.24	-6.5434899	0.72833943	-4.8095961	6.7513475
1114.251	-6.5373716	0.72934216	-4.8071442	6.7500391
1114.262	-6.5312366	0.73060024	-4.804708	6.748487
1114.2729	-6.5250869	0.73186368	-4.8023014	6.7468572
1114.2841	-6.5189271	0.73299146	-4.799931	6.7452278
1114.295	-6.5127606	0.7343331	-4.7975941	6.7431865
1114.306	-6.5065899	0.73588496	-4.7952833	6.7409987
1114.317	-6.500412	0.7371794	-4.7929854	6.7388148
1114.328	-6.4942222	0.73837757	-4.7906847	6.7365279
1114.339	-6.4880157	0.7395516	-4.7883697	6.7341833
1114.35	-6.4817915	0.74055547	-4.7860308	6.7320046
1114.361	-6.4755511	0.74133682	-4.7836652	6.7298675
1114.3719	-6.4693003	0.74218792	-4.7812719	6.7277241
1114.3831	-6.4630489	0.74317724	-4.7788558	6.7254467
1114.394	-6.4568062	0.74430323	-4.7764273	6.7230587
1114.405	-6.4505777	0.74548948	-4.774003	6.7205276
1114.416	-6.4443665	0.74669778	-4.7716022	6.7178679
1114.427	-6.43817	0.74797595	-4.7692437	6.7150478
1114.438	-6.4319792	0.74935818	-4.7669439	6.7124615
1114.449	-6.4257855	0.7506119	-4.7647038	6.709898
1114.46	-6.419579	0.75189102	-4.7625098	6.7074456
1114.4709	-6.4133539	0.75333959	-4.7603402	6.7050681
1114.4821	-6.4071069	0.75485361	-4.7581663	6.7027659
1114.493	-6.4008427	0.7562536	-4.7559624	6.7002029
1114.504	-6.3945656	0.75770497	-4.7537107	6.6976118
1114.515	-6.3882823	0.75904781	-4.7514076	6.695055
1114.526	-6.3819985	0.7600503	-4.7490602	6.692462
1114.537	-6.3757153	0.76094407	-4.7466807	6.6899862
1114.548	-6.3694296	0.76196021	-4.7442861	6.6877184
1114.559	-6.3631396	0.76289356	-4.7418909	6.685605
1114.5699	-6.3568416	0.76373196	-4.7395053	6.6835217
1114.5811	-6.3505316	0.76486474	-4.7371345	6.6814375
1114.592	-6.3442092	0.76621252	-4.7347794	6.6793432
1114.603	-6.3378768	0.76747704	-4.7324371	6.6771803
1114.614	-6.3315368	0.76880974	-4.7301025	6.6750097
1114.625	-6.3251939	0.77040392	-4.7277694	6.6728787
1114.636	-6.3188543	0.7719807	-4.7254324	6.6709356
1114.647	-6.3125243	0.77329212	-4.723084	6.6691155
1114.658	-6.3062057	0.77438796	-4.7207174	6.6673927
1114.6689	-6.2999034	0.77539027	-4.718328	6.6655951
1114.6801	-6.2936177	0.77637327	-4.7159114	6.6639919
1114.691	-6.2873473	0.77719915	-4.7134662	6.6623373
1114.702	-6.2810884	0.77803057	-4.7109971	6.6606884
1114.713	-6.274837	0.77914339	-4.7085128	6.6590242
1114.724	-6.2685862	0.78049743	-4.7060261	6.6575069
1114.735	-6.2623286	0.78168988	-4.7035556	6.6558819
1114.746	-6.256062	0.78281415	-4.7011199	6.6542783
1114.757	-6.2497835	0.78425652	-4.6987324	6.6526518
1114.7679	-6.2434969	0.78572989	-4.6963978	6.651186
1114.7791	-6.2372084	0.78696233	-4.6941123	6.6497993
1114.79	-6.230926	0.78822112	-4.6918612	6.6484547
1114.801	-6.2246556	0.7897346	-4.6896219	6.647172
1114.812	-6.218399	0.79112303	-4.6873732	6.6459913
1114.823	-6.2121534	0.79229814	-4.6850996	6.6448188
1114.834	-6.2059116	0.79342556	-4.6827927	6.6436291
1114.845	-6.199666	0.79449826	-4.6804533	6.6423984
1114.856	-6.1934094	0.79537714	-4.678092	6.6412373
1114.8669	-6.1871405	0.79620248	-4.675724	6.6400433
1114.8781	-6.1808629	0.79709405	-4.6733651	6.6388512
1114.889	-6.1745825	0.79812241	-4.6710286	6.6377892
1114.9	-6.1683068	0.79930121	-4.6687245	6.6367183
1114.911	-6.1620407	0.80054504	-4.6664543	6.6357045
1114.922	-6.1557851	0.80171007	-4.6642098	6.6347847
1114.933	-6.149539	0.80305773	-4.6619773	6.6338296
1114.944	-6.1432953	0.80447263	-4.6597385	6.6328106
1114.955	-6.1370492	0.80574924	-4.6574764	6.6318774
1114.9659	-6.1307969	0.80706167	-4.6551795	6.6308889
1114.9771	-6.1245346	0.80854714	-4.6528435	6.6299953
1114.988	-6.1182618	0.80996317	-4.6504726	6.6290927
1114.999	-6.1119833	0.81123865	-4.6480751	6.6282434
1115.01	-6.1057053	0.81261456	-4.6456609	6.6274347
1115.021	-6.0994358	0.81411105	-4.6432381	6.6265712
1115.032	-6.0931869	0.81549102	-4.6408138	6.6255527
1115.043	-6.0869684	0.81670272	-4.6383972	6.6245966
1115.054	-6.0807867	0.81784117	-4.6359949	6.6235805
1115.0651	-6.0746408	0.81882262	-4.6336155	6.622406
1115.076	-6.0685229	0.81970292	-4.6312671	6.6213241
1115.087	-6.0624208	0.82051712	-4.6289511	6.6203775
1115.098	-6.0563173	0.82140458	-4.6266599	6.61939
1115.109	-6.0501971	0.82246357	-4.6243811	6.618432
1115.12	-6.0440488	0.82366472	-4.6220961	6.6175508
1115.131	-6.037868	0.82486475	-4.6197882	6.6166601
1115.142	-6.0316558	0.82612562	-4.6174459	6.6156487
1115.153	-6.0254173	0.82748437	-4.6150641	6.6146255
1115.1641	-6.0191622	0.82882661	-4.6126471	6.6136088
1115.175	-6.0129004	0.8301335	-4.6102061	6.6126065
1115.186	-6.0066409	0.83151025	-4.6077542	6.6116066
1115.197	-6.0003896	0.83292162	-4.6053066	6.6106982
1115.208	-5.9941511	0.83429676	-4.602881	6.6098127
1115.219	-5.987926	0.83554888	-4.6004915	6.6089673
1115.23	-5.9817109	0.8367278	-4.598146	6.6080689
1115.241	-5.9755015	0.83775377	-4.5958476	6.607204
1115.252	-5.9692926	0.83858413	-4.5935888	6.6063175
1115.2631	-5.9630809	0.83935207	-4.5913525	6.6055155
1115.274	-5.9568648	0.84022796	-4.5891147	6.6047068
1115.285	-5.9506469	0.84112597	-4.586854	6.604085
1115.296	-5.9444313	0.84221727	-4.5845509	6.6035399
1115.307	-5.9382215	0.84344602	-4.5821948	6.6030068
1115.318	-5.9320197	0.84474397	-4.5797887	6.60255
1115.329	-5.9258242	0.84592336	-4.5773454	6.602129
1115.34	-5.919631	0.84725577	-4.5748849	6.6016431
1115.351	-5.913434	0.84863216	-4.572432	6.6010847
1115.3621	-5.9072313	0.85000324	-4.5700116	6.6006737
1115.373	-5.9010191	0.85130489	-4.5676413	6.6002455
1115.384	-5.8947978	0.8525902	-4.5653291	6.5998101
1115.395	-5.8885651	0.85398751	-4.5630698	6.599391
1115.406	-5.8823185	0.85536349	-4.5608482	6.5991011
1115.417	-5.8760524	0.85680509	-4.5586405	6.598814
1115.428	-5.8697648	0.85827923	-4.5564213	6.5984559
1115.439	-5.8634529	0.85983139	-4.5541716	6.5981307
1115.45	-5.857121	0.86122692	-4.5518818	6.5980401
1115.4611	-5.8507771	0.86232376	-4.5495534	6.5978632
1115.472	-5.8444304	0.863244	-4.5471945	6.5976834
1115.483	-5.8380885	0.86423749	-4.5448194	6.5976849
1115.494	-5.8317575	0.86516571	-4.5424409	6.5978737
1115.505	-5.825439	0.86589414	-4.5400691	6.5978312
1115.516	-5.8191299	0.86698711	-4.5377126	6.5978303
1115.527	-5.8128252	0.86839575	-4.535377	6.5977998
1115.538	-5.8065181	0.86961293	-4.5330629	6.5977163
1115.549	-5.8002038	0.87080646	-4.5307698	6.597362
1115.5601	-5.7938805	0.87237519	-4.5284929	6.5970283
1115.571	-5.7875509	0.87395185	-4.5262213	6.5967393
1115.582	-5.78122	0.87522304	-4.5239429	6.5965233
1115.593	-5.7748971	0.87657422	-4.5216475	6.5962605
1115.604	-5.7685909	0.87816441	-4.5193257	6.5960751
1115.615	-5.7623053	0.8796404	-4.5169721	6.5960574
1115.626	-5.7560391	0.88090128	-4.5145912	6.5960555
1115.637	-5.7497873	0.88224286	-4.5121899	6.5960832
1115.6479	-5.7435403	0.88371849	-4.5097761	6.5961032
1115.6591	-5.737288	0.88503993	-4.5073633	6.5961943
1115.67	-5.7310238	0.88612074	-4.5049663	6.5962119
1115.681	-5.7247462	0.88709116	-4.5025935	6.5961986
1115.692	-5.7184577	0.88802427	-4.5002513	6.5961566
1115.703	-5.7121634	0.88892758	-4.497941	6.596138
1115.714	-5.7058721	0.88974988	-4.4956541	6.5961533
1115.725	-5.6995935	0.89059192	-4.4933734	6.5960016
1115.736	-5.6933308	0.89187002	-4.4910817	6.5958915
1115.7469	-5.6870847	0.8931694	-4.4887633	6.5957603
1115.7581	-5.6808515	0.89427364	-4.4864039	6.5955453
1115.769	-5.6746249	0.89552903	-4.4840007	6.5951715
1115.78	-5.668396	0.89709991	-4.4815602	6.5948672
1115.791	-5.6621594	0.8983981	-4.479094	6.5944247
1115.802	-5.6559148	0.89963692	-4.4766216	6.5938907
1115.813	-5.6496644	0.9010703	-4.474164	6.5934563
1115.824	-5.6434112	0.90256691	-4.4717407	6.5930896
1115.835	-5.6371579	0.90382165	-4.4693675	6.5927758
1115.8459	-5.6309071	0.90504616	-4.4670491	6.5925913
1115.8571	-5.6246581	0.90641034	-4.4647784	6.5923972
1115.868	-5.6184092	0.90781569	-4.4625401	6.5921288
1115.879	-5.6121645	0.90909344	-4.4603105	6.5918293
1115.89	-5.6059308	0.91036063	-4.458065	6.5914268
1115.901	-5.5997138	0.91183907	-4.4557877	6.5910044
1115.912	-5.5935178	0.91321635	-4.4534721	6.5906315
1115.923	-5.5873437	0.91441816	-4.4511199	6.5901337
1115.934	-5.5811868	0.91551286	-4.4487405	6.5896435
1115.9449	-5.575036	0.91647267	-4.4463458	6.5892344
1115.9561	-5.5688839	0.91735971	-4.4439468	6.5887518
1115.967	-5.562727	0.91809726	-4.4415507	6.5881548
1115.978	-5.5565629	0.91885513	-4.4391642	6.5876393
1115.989	-5.5503912	0.91977566	-4.4367933	6.5869818
1116	-5.5442157	0.92097896	-4.4344435	6.5861511
1116.011	-5.5380354	0.92216229	-4.432117	6.5853009
1116.022	-5.5318451	0.92328757	-4.4298134	6.5844498
1116.033	-5.5256429	0.92464721	-4.4275265	6.5835662
1116.0439	-5.5194297	0.92614692	-4.4252462	6.5827837
1116.0551	-5.5132103	0.92748225	-4.4229598	6.5821538
1116.066	-5.506988	0.92872906	-4.4206543	6.5815392
1116.077	-5.500771	0.93026245	-4.4183207	6.580924
1116.088	-5.4945631	0.93173003	-4.4159522	6.5803366
1116.099	-5.4883599	0.93296182	-4.4135485	6.5796447
1116.11	-5.4821548	0.93427724	-4.4111137	6.5789151
1116.121	-5.4759407	0.93581015	-4.4086566	6.578196
1116.132	-5.4697113	0.93722951	-4.4061942	6.5775199
1116.1429	-5.4634628	0.93849003	-4.4037452	6.5767708
1116.1541	-5.4572005	0.93984628	-4.4013267	6.576077
1116.165	-5.4509306	0.94137543	-4.3989558	6.5752845
1116.176	-5.4446611	0.94274992	-4.3966389	6.5744824
1116.187	-5.4383984	0.94395339	-4.3943677	6.5735497
1116.198	-5.4321465	0.94533569	-4.3921256	6.5724897
1116.209	-5.4259033	0.9468447	-4.3898916	6.5714245
1116.22	-5.4196644	0.9480778	-4.3876352	6.5704679
1116.231	-5.4134231	0.94905251	-4.3853326	6.5694623
1116.2419	-5.4071746	0.95008069	-4.3829675	6.5683789
1116.2531	-5.4009147	0.95100683	-4.3805232	6.567472
1116.264	-5.3946443	0.95171887	-4.3779821	6.5666451
1116.275	-5.3883662	0.95237041	-4.3753314	6.5657105
1116.286	-5.3820848	0.95328379	-4.3725495	6.5646434
1116.297	-5.3758059	0.95437318	-4.369606	6.5636754
1116.308	-5.3695316	0.95544565	-4.3664727	6.5626674
1116.319	-5.3632627	0.95653713	-4.3631206	6.5615668
1116.33	-5.356997	0.95786476	-4.3595176	6.5603671
1116.3409	-5.350729	0.95931548	-4.3556395	6.5592995
1116.3521	-5.3444524	0.9607169	-4.3514757	6.558167
1116.363	-5.3381615	0.96209216	-4.3470221	6.5570335
1116.374	-5.3318567	0.96368164	-4.3422832	6.5559449
1116.385	-5.3255386	0.96529144	-4.3372808	6.5548334
1116.396	-5.3192134	0.96670204	-4.3320484	6.5538054
1116.407	-5.312892	0.96811354	-4.3266211	6.552815
1116.418	-5.3065805	0.96974373	-4.3210382	6.551724
1116.429	-5.3002834	0.97128183	-4.3153439	6.5506554
1116.4401	-5.2940011	0.97247028	-4.3095703	6.5497303
1116.451	-5.2877307	0.97381234	-4.3037348	6.5486341
1116.462	-5.2814651	0.97538227	-4.2978444	6.547369
1116.473	-5.2751999	0.97676575	-4.2918973	6.5461454
1116.484	-5.26893	0.97798485	-4.2858791	6.5446682
1116.495	-5.2626524	0.97951436	-4.2797761	6.543088
1116.506	-5.2563648	0.98119229	-4.2735887	6.5414424
1116.517	-5.2500682	0.98259896	-4.2673264	6.5399685
1116.528	-5.2437611	0.98379123	-4.2610059	6.5384178
1116.5391	-5.2374444	0.9850055	-4.2546549	6.5368423
1116.55	-5.2311215	0.98596954	-4.2483015	6.5353818
1116.561	-5.2247977	0.98666644	-4.2419615	6.5340271
1116.572	-5.2184782	0.98738068	-4.2356367	6.5325646
1116.583	-5.2121692	0.98829859	-4.2293258	6.5311522
1116.594	-5.2058764	0.98934722	-4.2230148	6.5298743
1116.605	-5.1996002	0.99035347	-4.2166858	6.5283852
1116.616	-5.1933384	0.99151343	-4.2103329	6.5267715
1116.627	-5.1870861	0.99279279	-4.203959	6.5251522
1116.6381	-5.1808367	0.99409807	-4.1975684	6.5235314
1116.649	-5.1745834	0.99537152	-4.1911721	6.5218444
1116.66	-5.1683221	0.99673676	-4.1847854	6.5202193
1116.671	-5.1620522	0.99817663	-4.1784091	6.5185452
1116.682	-5.1557746	0.99957848	-4.1720371	6.5170026
1116.693	-5.1494923	1.0009505	-4.165659	6.5153837
1116.704	-5.1432099	1.0022851	-4.1592603	6.5137672
1116.715	-5.1369309	1.0037813	-4.1528239	6.5121241
1116.726	-5.1306558	1.0051708	-4.1463408	6.5104165
1116.7371	-5.1243849	1.0064989	-4.1398134	6.5086212
1116.748	-5.1181183	1.0078527	-4.1332502	6.5069466
1116.759	-5.1118536	1.0092978	-4.1266637	6.5053849
1116.77	-5.1055899	1.0106477	-4.1200733	6.5038567
1116.781	-5.0993276	1.0119514	-4.1134987	6.5024915
1116.792	-5.0930715	1.013329	-4.1069517	6.5009351
1116.803	-5.0868273	1.0147184	-4.1004343	6.4993191
1116.814	-5.0806022	1.0160415	-4.0939465	6.497695
1116.825	-5.0744042	1.0173342	-4.0874791	6.4959989
1116.8361	-5.0682373	1.0187267	-4.0810194	6.4943376
1116.847	-5.0620995	1.0201092	-4.074553	6.4928303
1116.858	-5.0559821	1.0214266	-4.0680747	6.4912806
1116.869	-5.0498767	1.0225714	-4.061583	6.4896913
1116.88	-5.0437713	1.0236037	-4.0550814	6.4881001
1116.891	-5.0376554	1.0245179	-4.0485787	6.4864693
1116.902	-5.0315218	1.0253466	-4.0420856	6.4848695
1116.913	-5.0253687	1.0261198	-4.0356088	6.4832125
1116.924	-5.0191927	1.0270064	-4.0291505	6.4814467
1116.9351	-5.0129948	1.0282034	-4.022707	6.4798493
1116.946	-5.0067773	1.0293549	-4.0162687	6.4782
1116.957	-5.0005465	1.0304686	-4.0098248	6.4765611
1116.968	-4.9943075	1.0317219	-4.0033636	6.4750071
1116.979	-4.9880662	1.0331217	-3.9968746	6.4735985
1116.99	-4.9818258	1.0343961	-3.990355	6.4720788
1117.001	-4.9755859	1.0356566	-3.9838135	6.4705362
1117.012	-4.9693432	1.0371028	-3.9772608	6.469059
1117.0229	-4.9630919	1.0386045	-3.9707141	6.4676251
1117.0341	-4.9568295	1.0399729	-3.9641922	6.466166
1117.045	-4.9505548	1.0411774	-3.9577055	6.4647541
1117.056	-4.9442711	1.0427027	-3.9512517	6.4634819
1117.067	-4.937984	1.0441872	-3.9448223	6.462184
1117.078	-4.9316998	1.0453894	-3.9384012	6.4609237
1117.089	-4.9254251	1.0466142	-3.9319704	6.4595575
1117.1	-4.9191623	1.0481687	-3.9255185	6.4582939
1117.111	-4.9129109	1.0495646	-3.9190464	6.4570317
1117.1219	-4.9066696	1.0506883	-3.912564	6.4557424
1117.1331	-4.9004331	1.0520116	-3.9060843	6.4542174
1117.144	-4.8941984	1.0534939	-3.8996208	6.4529285
1117.155	-4.8879642	1.054772	-3.8931799	6.4516206
1117.166	-4.8817306	1.0559016	-3.8867583	6.4502716
1117.177	-4.8754992	1.0573972	-3.8803422	6.4490213
1117.188	-4.8692718	1.0588576	-3.8739207	6.4478536
1117.199	-4.8630486	1.0600829	-3.8674881	6.4467063
1117.21	-4.8568263	1.0612962	-3.8610458	6.4454856
1117.2209	-4.8505998	1.0627691	-3.8546045	6.4442272
1117.2321	-4.8443613	1.0641371	-3.8481805	6.4430656
1117.243	-4.8381071	1.0651571	-3.8417838	6.4420114
1117.254	-4.8318348	1.0661919	-3.835413	6.4408746
1117.265	-4.8255477	1.0672593	-3.8290572	6.4397779
1117.276	-4.8192525	1.0682148	-3.8226955	6.4387193
1117.287	-4.8129582	1.0690577	-3.8163049	6.4375243
1117.298	-4.8066711	1.0700787	-3.809871	6.4364696
1117.309	-4.8003941	1.0712962	-3.8033912	6.4354277
1117.3199	-4.794127	1.0726175	-3.7968745	6.4343405
1117.3311	-4.7878652	1.0738317	-3.7903419	6.4333353
1117.342	-4.7816005	1.0750316	-3.7838166	6.4322991
1117.353	-4.7753282	1.0764359	-3.7773173	6.4312167
1117.364	-4.769043	1.0777994	-3.7708528	6.4301739
1117.375	-4.7627411	1.079011	-3.7644212	6.4291768
1117.386	-4.7564235	1.0803341	-3.7580075	6.428031
1117.397	-4.7500944	1.08192	-3.7515907	6.4269681
1117.408	-4.7437568	1.0833894	-3.7451503	6.425878
1117.4189	-4.7374153	1.08485	-3.738673	6.4247904
1117.4301	-4.7310743	1.0864092	-3.7321539	6.4237533
1117.441	-4.7247357	1.088044	-3.7256012	6.4228559
1117.452	-4.718399	1.0894566	-3.7190304	6.4220977
1117.463	-4.7120647	1.0908188	-3.7124584	6.4213471
1117.474	-4.7057328	1.0923444	-3.7058971	6.4205942
1117.485	-4.6994042	1.0938478	-3.6993511	6.4199209
1117.496	-4.6930838	1.095099	-3.692816	6.4192996
1117.507	-4.6867747	1.0963593	-3.6862836	6.4186373
1117.5179	-4.6804848	1.0978339	-3.6797447	6.4180155
1117.5291	-4.6742172	1.0991518	-3.6731949	6.4173841
1117.54	-4.667973	1.1003572	-3.6666374	6.4168057
1117.551	-4.6617489	1.1016488	-3.6600811	6.4162474
1117.562	-4.6555409	1.103057	-3.6535349	6.4156342
1117.573	-4.6493397	1.1043643	-3.6470072	6.4150543
1117.584	-4.643136	1.1055815	-3.6405029	6.4145665
1117.595	-4.6369238	1.1068832	-3.6340187	6.4140015
1117.606	-4.6306996	1.1083322	-3.6275465	6.4136477
1117.6169	-4.6244612	1.1096054	-3.6210785	6.4133902
1117.6281	-4.6182113	1.1108081	-3.6146076	6.4131622
1117.639	-4.6119552	1.1121758	-3.6081278	6.4130206
1117.65	-4.6056986	1.1135439	-3.6016366	6.4129391
1117.661	-4.5994487	1.1147261	-3.595134	6.4127626
1117.672	-4.5932131	1.1157882	-3.5886228	6.4126835
1117.683	-4.586998	1.1166883	-3.5821044	6.4125676
1117.694	-4.5808043	1.1175579	-3.5755818	6.4126649
1117.705	-4.5746284	1.1184223	-3.5690601	6.4128022
1117.7159	-4.5684605	1.1192335	-3.5625453	6.4129105
1117.7271	-4.5622907	1.1201575	-3.5560412	6.413023
1117.738	-4.556109	1.1213875	-3.5495479	6.41325
1117.749	-4.5499129	1.1226698	-3.5430641	6.4133711
1117.76	-4.5437093	1.1238453	-3.5365858	6.4136004
1117.771	-4.5375056	1.1251091	-3.5301054	6.4137912
1117.782	-4.5313096	1.1265152	-3.5236192	6.4140387
1117.793	-4.5251274	1.1278623	-3.5171299	6.4143424
1117.804	-4.5189581	1.1290671	-3.5106416	6.4145756
1117.8151	-4.5127926	1.1304498	-3.5041585	6.4147501
1117.826	-4.5066252	1.1319327	-3.4976857	6.4150062
1117.837	-4.5004506	1.1332548	-3.491225	6.4153633
1117.848	-4.4942632	1.134515	-3.4847722	6.4157262
1117.859	-4.4880614	1.1359953	-3.4783199	6.4161539
1117.87	-4.4818473	1.137441	-3.4718602	6.4165497
1117.881	-4.4756241	1.1386533	-3.4653857	6.417068
1117.892	-4.4693947	1.1399436	-3.4588883	6.4173174
1117.903	-4.4631653	1.141384	-3.4523642	6.4173889
1117.9141	-4.4569407	1.1427579	-3.4458144	6.417573
1117.925	-4.4507222	1.1439933	-3.439244	6.4178643
1117.936	-4.4445076	1.1453468	-3.4326625	6.4180064
1117.947	-4.438293	1.1469373	-3.4260828	6.4183936
1117.958	-4.4320712	1.1483401	-3.4195194	6.4191494
1117.969	-4.4258385	1.1495762	-3.4129815	6.4197798
1117.98	-4.4195929	1.1509696	-3.4064724	6.4203677
1117.991	-4.4133387	1.1524134	-3.3999903	6.421041
1118.002	-4.4070797	1.1536531	-3.3935287	6.4216533
1118.0131	-4.4008212	1.1548445	-3.3870778	6.4218998
1118.024	-4.3945675	1.156217	-3.3806303	6.4220586
1118.035	-4.3883195	1.1575534	-3.3741822	6.4223003
1118.046	-4.3820763	1.158816	-3.367734	6.4225235
1118.057	-4.3758354	1.1600739	-3.3612869	6.4227405
1118.068	-4.3695931	1.1614878	-3.3548453	6.4231339
1118.079	-4.3633466	1.1628253	-3.3484137	6.4237251
1118.09	-4.3570919	1.1640689	-3.3419933	6.4242406
1118.101	-4.3508306	1.1653434	-3.3355851	6.4246755
1118.1121	-4.3445663	1.1667911	-3.3291888	6.4250398
1118.123	-4.3383045	1.1680942	-3.3228028	6.4253979
1118.134	-4.3320498	1.1693567	-3.3164251	6.4254646
1118.145	-4.3258042	1.1707042	-3.310056	6.4255328
1118.156	-4.3195658	1.1720917	-3.3036923	6.4257679
1118.167	-4.3133287	1.1732426	-3.2973287	6.4260826
1118.178	-4.3070855	1.1741946	-3.2909615	6.4264112
1118.189	-4.3008313	1.1751066	-3.2845829	6.4269581
1118.2	-4.2945647	1.176044	-3.2781801	6.4274445
1118.2111	-4.2882881	1.1769686	-3.2717471	6.4277668
1118.222	-4.2820063	1.1778649	-3.2652826	6.4280286
1118.233	-4.2757225	1.1790631	-3.2587833	6.4282527
1118.244	-4.2694421	1.1804568	-3.2522521	6.4283786
1118.255	-4.2631655	1.1817412	-3.2457018	6.4284954
1118.266	-4.2568898	1.1829256	-3.2391448	6.4287453
1118.277	-4.2506104	1.1843719	-3.2325916	6.4291306
1118.288	-4.2443233	1.1858836	-3.2260561	6.4294291
1118.299	-4.2380219	1.1871684	-3.2195487	6.4298043
1118.3101	-4.2317014	1.1883601	-3.2130673	6.4302611
1118.321	-4.2253652	1.1899011	-3.2066035	6.4304352
1118.332	-4.2190175	1.1914511	-3.2001474	6.4303827
1118.343	-4.2126675	1.1928048	-3.1936836	6.4302993
1118.354	-4.2063265	1.1942313	-3.1871986	6.4301372
1118.365	-4.2000046	1.1958802	-3.1806891	6.4298587
1118.376	-4.1937041	1.1973292	-3.174159	6.4298668
1118.387	-4.1874237	1.1985919	-3.1676154	6.4300461
1118.3979	-4.1811547	1.2000058	-3.1610687	6.4303331
1118.4091	-4.1748886	1.2015219	-3.15453	6.4306083
1118.42	-4.168613	1.2028335	-3.148005	6.4310393
1118.431	-4.162323	1.2041461	-3.141494	6.4312882
1118.442	-4.1560197	1.2055231	-3.1349974	6.4313917
1118.453	-4.1497068	1.2068623	-3.1285131	6.4313574
1118.464	-4.143393	1.2080445	-3.1220405	6.4313426
1118.475	-4.1370869	1.2093852	-3.1155791	6.4312973
1118.486	-4.130796	1.210657	-3.1091301	6.4314513
1118.4969	-4.1245208	1.2119244	-3.1026921	6.4315929
1118.5081	-4.1182623	1.2131563	-3.0962646	6.4318509
1118.519	-4.112021	1.2145348	-3.0898428	6.4322367
1118.53	-4.1057987	1.2158628	-3.0834212	6.4324803
1118.541	-4.0995984	1.2171485	-3.0769939	6.4326105
1118.552	-4.0934262	1.2184706	-3.0705538	6.4327111
1118.563	-4.0872836	1.2198505	-3.0640955	6.4327455
1118.574	-4.0811663	1.2211131	-3.0576167	6.4326525
1118.585	-4.0750628	1.2224039	-3.0511167	6.4325805
1118.5959	-4.0689611	1.2238539	-3.0446002	6.4324865
1118.6071	-4.0628471	1.2252843	-3.0380762	6.432611
1118.618	-4.0567117	1.226521	-3.0315521	6.4327278
1118.629	-4.0505533	1.227881	-3.0250351	6.4328032
1118.64	-4.0443749	1.2293463	-3.0185292	6.4328609
1118.651	-4.0381823	1.2306083	-3.0120327	6.43291
1118.662	-4.031981	1.2318629	-3.0055382	6.4328341
1118.673	-4.025773	1.2332723	-2.999037	6.4327521
1118.684	-4.0195594	1.234673	-2.9925227	6.4327898
1118.6949	-4.0133371	1.2359368	-2.9859931	6.4328418
1118.7061	-4.0071039	1.2372001	-2.97945	6.4327364
1118.717	-4.0008583	1.2386298	-2.9729023	6.4325633
1118.728	-3.9945996	1.2399821	-2.966362	6.432415
1118.739	-3.9883299	1.2411757	-2.9598405	6.4320602
1118.75	-3.9820523	1.2423383	-2.9533427	6.4315295
1118.761	-3.9757705	1.2434412	-2.9468706	6.4310803
1118.772	-3.9694881	1.2443069	-2.9404199	6.4306402
1118.783	-3.9632103	1.2450545	-2.93398	6.4301343
1118.7939	-3.9569397	1.2459621	-2.9275393	6.4296193
1118.8051	-3.9506769	1.2469493	-2.9210892	6.4292951
1118.816	-3.9444242	1.2480234	-2.9146221	6.4289155
1118.827	-3.9381835	1.2492197	-2.9081352	6.4283047
1118.838	-3.9319549	1.2504946	-2.9016302	6.4277
1118.849	-3.9257398	1.2517596	-2.8951125	6.4272366
1118.86	-3.9195397	1.2530292	-2.8885908	6.4264717
1118.871	-3.913352	1.2544234	-2.8820753	6.4257455
1118.882	-3.9071708	1.2557347	-2.875572	6.4250979
1118.8929	-3.9009891	1.2570796	-2.8690848	6.4244304
1118.9041	-3.8947978	1.2584573	-2.8626137	6.4236484
1118.915	-3.8885896	1.259847	-2.8561516	6.4230666
1118.926	-3.8823624	1.261184	-2.8496895	6.4223285
1118.937	-3.8761187	1.2626264	-2.8432221	6.4216514
1118.948	-3.8698664	1.2640468	-2.8367469	6.4209671
1118.959	-3.8636167	1.2653691	-2.8302631	6.4202323
1118.97	-3.8573794	1.2668034	-2.8237746	6.4194059
1118.981	-3.8511593	1.2681578	-2.817286	6.4187417
1118.9919	-3.8449554	1.2694304	-2.8107979	6.4179864
1119.0031	-3.8387613	1.2707597	-2.8043077	6.4171338
1119.014	-3.8325651	1.2721846	-2.7978137	6.4163294
1119.025	-3.8263559	1.2735261	-2.7913163	6.4155354
1119.036	-3.8201258	1.2748258	-2.7848191	6.4146056
1119.047	-3.8138726	1.2761509	-2.7783296	6.4137816
1119.058	-3.8075995	1.2775813	-2.7718601	6.4130435
1119.069	-3.8013141	1.2788466	-2.7654192	6.4123158
1119.08	-3.7950263	1.2800337	-2.7590101	6.4115758
1119.0909	-3.7887461	1.2813828	-2.7526293	6.4107904
1119.1021	-3.7824793	1.2827731	-2.7462664	6.4099603
1119.113	-3.7762282	1.2839724	-2.739907	6.4089899
1119.124	-3.7699897	1.2852193	-2.7335351	6.4078693
1119.135	-3.763756	1.2867179	-2.727138	6.4068036
1119.146	-3.7575166	1.2881182	-2.7207072	6.4058862
1119.157	-3.7512622	1.2893751	-2.7142413	6.4048891
1119.168	-3.7449863	1.2907891	-2.7077456	6.4039297
1119.179	-3.7386882	1.2923762	-2.701232	6.4031925
1119.1901	-3.7323735	1.2938033	-2.6947172	6.4024744
1119.201	-3.7260499	1.295045	-2.688221	6.4017563
1119.212	-3.7197258	1.2965072	-2.6817572	6.4011664
1119.223	-3.7134066	1.2980082	-2.6753311	6.400599
1119.234	-3.707093	1.2992399	-2.668936	6.3999553
1119.245	-3.7007825	1.3004487	-2.6625552	6.3991065
1119.256	-3.6944704	1.3019019	-2.6561635	6.3982463
1119.267	-3.688153	1.3033841	-2.6497369	6.397409
1119.278	-3.6818295	1.304708	-2.6432638	6.3966179
1119.2891	-3.6755023	1.3061424	-2.6367455	6.3957953
1119.3	-3.6691756	1.3077263	-2.6301923	6.3951683
1119.311	-3.6628549	1.3091513	-2.6236255	6.394568
1119.322	-3.6565449	1.310405	-2.6170678	6.393961
1119.333	-3.6502492	1.3117946	-2.6105316	6.3934679
1119.344	-3.6439686	1.3132422	-2.6040187	6.3929834
1119.355	-3.6377008	1.3145624	-2.597523	6.3924537
1119.366	-3.6314435	1.3157007	-2.5910311	6.3920164
1119.377	-3.6251945	1.3168118	-2.5845258	6.3915753
1119.3881	-3.6189525	1.3177092	-2.5779965	6.3909426
1119.399	-3.6127203	1.3185949	-2.5714405	6.3904257
1119.41	-3.6065035	1.3193868	-2.564863	6.3900838
1119.421	-3.6003075	1.3202423	-2.5582767	6.3895659
1119.432	-3.5941339	1.3212976	-2.5516989	6.3890591
1119.443	-3.5879798	1.3225181	-2.5451453	6.3888073
1119.454	-3.5818369	1.3236308	-2.5386245	6.3883762
1119.465	-3.5756929	1.3247811	-2.5321357	6.3878546
1119.476	-3.5695367	1.3262005	-2.5256674	6.387382
1119.4871	-3.5633614	1.3275859	-2.5192025	6.3868041
1119.498	-3.5571647	1.3289052	-2.5127251	6.3861423
1119.509	-3.5509489	1.3302637	-2.5062239	6.3856196
1119.52	-3.5447187	1.3317776	-2.4996982	6.3851328
1119.531	-3.5384796	1.3332522	-2.4931598	6.3847423
1119.542	-3.5322351	1.3345289	-2.4866266	6.3844948
1119.553	-3.5259881	1.3358865	-2.480113	6.3841538
1119.564	-3.5197427	1.3373863	-2.4736292	6.3838129
1119.575	-3.5135024	1.3387268	-2.4671736	6.3835588
1119.5861	-3.5072699	1.3398993	-2.4607356	6.3832312
1119.597	-3.501049	1.3413253	-2.4542985	6.3828273
1119.608	-3.4948423	1.3427693	-2.4478481	6.3826118
1119.619	-3.4886467	1.3440237	-2.4413776	6.3824067
1119.63	-3.4824579	1.3452569	-2.4348907	6.3821349
1119.641	-3.4762714	1.3467447	-2.4283972	6.381948
1119.652	-3.4700792	1.3481567	-2.4219096	6.3818822
1119.663	-3.4638748	1.3494211	-2.4154396	6.3817954
1119.674	-3.4576576	1.3507197	-2.4089921	6.3817949
1119.6851	-3.4514279	1.3522049	-2.40256	6.3818374
1119.696	-3.4451869	1.3535619	-2.396131	6.3818965
1119.707	-3.4389396	1.354725	-2.3896911	6.3818479
1119.718	-3.4326894	1.3560637	-2.3832242	6.3818135
1119.729	-3.4264355	1.3574567	-2.3767176	6.3817415
1119.74	-3.4201765	1.3586942	-2.3701692	6.3816957
1119.751	-3.413914	1.3599453	-2.3635864	6.3816528
1119.762	-3.4076476	1.3614039	-2.3569801	6.381741
1119.7729	-3.4013796	1.3628637	-2.3503675	6.3818049
1119.7841	-3.3951159	1.3641585	-2.3437717	6.3819489
1119.795	-3.3888617	1.365499	-2.3372083	6.3821721
1119.806	-3.382617	1.3668934	-2.330682	6.3823285
1119.817	-3.3763804	1.3682814	-2.324192	6.3825049
1119.828	-3.3701482	1.3695077	-2.3177299	6.3828282
1119.839	-3.3639138	1.3707656	-2.3112788	6.383224
1119.85	-3.3576703	1.3721799	-2.3048241	6.3836212
1119.861	-3.3514156	1.3735079	-2.2983603	6.3841844
1119.8719	-3.3451512	1.3747106	-2.2918892	6.384841
1119.8831	-3.3388803	1.3760597	-2.2854161	6.3854313
1119.894	-3.3326087	1.3774334	-2.2789476	6.3860087
1119.905	-3.3263431	1.378711	-2.2724891	6.3866539
1119.916	-3.3200889	1.3799853	-2.2660401	6.3872595
1119.927	-3.3138485	1.3812973	-2.2595923	6.3878622
1119.938	-3.3076212	1.3825647	-2.2531381	6.3886485
1119.949	-3.3014042	1.3838682	-2.2466748	6.3895817
1119.96	-3.2951939	1.3851364	-2.2402027	6.390574
1119.9709	-3.2889843	1.3864384	-2.2337272	6.3917456
1119.9821	-3.2827685	1.3877654	-2.2272589	6.3930821
1119.993	-3.2765429	1.3890928	-2.2208061	6.39433
1120.004	-3.2703042	1.3904079	-2.2143738	6.395463
1120.015	-3.2640498	1.3917629	-2.2079604	6.3967605
1120.026	-3.2577803	1.3930176	-2.2015605	6.3979807
1120.037	-3.2515011	1.3940459	-2.1951644	6.3992028
1120.048	-3.2452178	1.3948872	-2.18876	6.400444
1120.059	-3.2389362	1.3958305	-2.1823332	6.4018011
1120.0699	-3.2326622	1.3967853	-2.1758752	6.402884
1120.0811	-3.2263994	1.3976775	-2.1693799	6.4041004
1120.092	-3.2201469	1.398785	-2.162847	6.40521
1120.103	-3.2139008	1.4002271	-2.1562855	6.4063611
1120.114	-3.2076569	1.4015689	-2.1497128	6.4074817
1120.125	-3.2014084	1.4028105	-2.143147	6.4086409
1120.136	-3.1951497	1.4042696	-2.1366053	6.4096775
1120.147	-3.1888766	1.4058325	-2.1301005	6.4107499
1120.158	-3.182586	1.4071622	-2.1236346	6.4119444
1120.1689	-3.1762762	1.4084258	-2.1171961	6.4131942
1120.1801	-3.1699502	1.4098723	-2.1107702	6.4145279
1120.191	-3.1636126	1.4113352	-2.104341	6.4157214
1120.202	-3.1572697	1.4126351	-2.0978942	6.4169116
1120.213	-3.1509285	1.4140159	-2.0914242	6.4179435
1120.224	-3.1445937	1.4156036	-2.0849378	6.4188638
1120.235	-3.1382668	1.4171391	-2.0784459	6.4196601
1120.246	-3.1319468	1.4185046	-2.0719588	6.4207749
1120.257	-3.1256316	1.4199399	-2.065485	6.4218903
1120.2679	-3.1193209	1.4213969	-2.0590253	6.4230847
1120.2791	-3.1130178	1.4226899	-2.0525701	6.4242892
1120.29	-3.1067274	1.424	-2.0461061	6.425591
1120.301	-3.1004567	1.4254	-2.0396228	6.4267092
1120.312	-3.0942135	1.426715	-2.0331137	6.4276671
1120.323	-3.0880027	1.4279321	-2.0265787	6.4284883
1120.334	-3.0818233	1.4292582	-2.0200248	6.4292636
1120.345	-3.0756702	1.4305887	-2.0134656	6.4299669
1120.356	-3.0695355	1.4318212	-2.0069122	6.4306545
1120.3669	-3.0634062	1.4330444	-2.000371	6.4314442
1120.3781	-3.0572696	1.4344661	-1.9938452	6.4322381
1120.389	-3.0511177	1.4358908	-1.9873334	6.4328947
1120.4	-3.0449469	1.4371728	-1.9808265	6.4334984
1120.411	-3.0387559	1.4386067	-1.9743156	6.4340115
1120.422	-3.0325506	1.4400973	-1.9677967	6.434411
1120.433	-3.0263386	1.4414438	-1.9612685	6.4347224
1120.444	-3.0201254	1.4426656	-1.9547334	6.4350333
1120.455	-3.0139148	1.4441288	-1.9482014	6.4353452
1120.4659	-3.0077095	1.4455006	-1.9416831	6.4356079
1120.4771	-3.0015078	1.4467143	-1.9351834	6.4357252
1120.488	-2.9953055	1.4480401	-1.9287021	6.4357991
1120.499	-2.9890993	1.4495208	-1.9222345	6.4358249
1120.51	-2.9828844	1.4508153	-1.9157712	6.435884
1120.521	-2.9766562	1.4519444	-1.9093031	6.4358616
1120.532	-2.9704113	1.4532895	-1.9028264	6.4358182
1120.543	-2.9641492	1.4547235	-1.8963441	6.4359288
1120.554	-2.9578712	1.4559474	-1.8898633	6.4359202
1120.5651	-2.9515815	1.4571098	-1.8833922	6.435699
1120.576	-2.9452872	1.4585869	-1.8769358	6.4354005
1120.587	-2.9389963	1.4600461	-1.8704964	6.4351778
1120.598	-2.9327145	1.4612329	-1.8640716	6.4347506
1120.609	-2.9264433	1.4625005	-1.8576543	6.4342656
1120.62	-2.9201834	1.4640342	-1.8512375	6.433816
1120.631	-2.9139299	1.4653999	-1.8448173	6.433455
1120.642	-2.9076765	1.4664758	-1.8383883	6.4330096
1120.653	-2.9014187	1.4676009	-1.8319443	6.4325604
1120.6641	-2.8951566	1.468601	-1.825482	6.4321718
1120.675	-2.8888891	1.4694153	-1.8189998	6.4318576
1120.686	-2.8826199	1.4700623	-1.8124952	6.4313636
1120.697	-2.8763566	1.4709495	-1.8059704	6.4308724
1120.708	-2.8701041	1.4720259	-1.7994337	6.4303169
1120.719	-2.8638628	1.4732331	-1.7928948	6.4298601
1120.73	-2.8576334	1.4744004	-1.7863625	6.4292459
1120.741	-2.8514125	1.4757192	-1.7798433	6.4287448
1120.752	-2.845192	1.4771167	-1.7733411	6.4281783
1120.7631	-2.8389666	1.4784528	-1.7668523	6.4277158
1120.774	-2.8327346	1.4797945	-1.7603691	6.4272337
1120.785	-2.8264945	1.4811382	-1.7538828	6.426672
1120.796	-2.8202465	1.4825724	-1.7473878	6.4260826
1120.807	-2.8139951	1.4839171	-1.7408811	6.4255538
1120.818	-2.8077435	1.4852391	-1.7343624	6.424768
1120.829	-2.8014915	1.4866287	-1.7278361	6.4238453
1120.84	-2.7952392	1.4881023	-1.7213088	6.4229937
1120.851	-2.788986	1.4893327	-1.7147856	6.4221601
1120.8621	-2.7827284	1.4906396	-1.7082695	6.4211683
1120.873	-2.7764633	1.4920806	-1.7017646	6.4204555
1120.884	-2.77019	1.4934609	-1.6952747	6.4197025
1120.895	-2.7639093	1.4946874	-1.688803	6.418973
1120.906	-2.7576237	1.4959481	-1.6823529	6.4181967
1120.917	-2.7513363	1.4973638	-1.6759297	6.4175606
1120.928	-2.7450519	1.4986422	-1.669535	6.4168577
1120.939	-2.7387729	1.4997863	-1.6631672	6.4162431
1120.95	-2.7324986	1.5010349	-1.6568216	6.4157405
1120.9611	-2.7262268	1.5024678	-1.6504891	6.4153719
1120.972	-2.719955	1.503653	-1.6441561	6.4150925
1120.983	-2.7136817	1.5048361	-1.6378099	6.4147658
1120.994	-2.7074046	1.506284	-1.6314381	6.4144578
1121.005	-2.7011261	1.5077624	-1.6250296	6.4141564
1121.016	-2.6948493	1.5091367	-1.618579	6.4137259
1121.027	-2.6885765	1.5105698	-1.6120896	6.4133515
1121.038	-2.6823094	1.5121577	-1.6055698	6.413054
1121.049	-2.6760492	1.5136431	-1.5990328	6.4127913
1121.0601	-2.6697931	1.5149705	-1.5924964	6.4124279
1121.071	-2.6635373	1.5163858	-1.5859762	6.4122005
1121.082	-2.6572785	1.5179241	-1.5794765	6.4119143
1121.093	-2.6510139	1.5192603	-1.5729917	6.4116206
1121.104	-2.644743	1.5204816	-1.5665109	6.4112873
1121.115	-2.638469	1.5218831	-1.5600177	6.4109383
1121.126	-2.6321952	1.5234303	-1.5534983	6.4105844
1121.137	-2.6259236	1.5247451	-1.5469522	6.4103599
1121.1479	-2.6196561	1.5261276	-1.5403912	6.4101558
1121.1591	-2.6133943	1.5276703	-1.5338299	6.4101334
1121.17	-2.6071405	1.5291729	-1.5272826	6.4101872
1121.181	-2.6008985	1.5304959	-1.5207601	6.4103665
1121.192	-2.5946755	1.5316459	-1.5142598	6.4105535
1121.203	-2.5884776	1.532644	-1.5077685	6.4107533
1121.214	-2.5823073	1.5335327	-1.5012727	6.4110136
1121.225	-2.576159	1.534403	-1.4947622	6.4114761
1121.236	-2.5700233	1.5351077	-1.4882311	6.4120393
1121.2469	-2.5638871	1.536027	-1.4816815	6.4127278
1121.2581	-2.5577362	1.5372019	-1.4751229	6.4135718
1121.269	-2.5515628	1.5383621	-1.4685678	6.4144545
1121.28	-2.5453665	1.5394405	-1.4620267	6.4153032
1121.291	-2.5391495	1.5407047	-1.455507	6.4160881
1121.302	-2.5329163	1.5421591	-1.4490139	6.4168272
1121.313	-2.5266726	1.5434583	-1.442548	6.4176488
1121.324	-2.5204213	1.5446503	-1.4361048	6.418561
1121.335	-2.5141618	1.5460162	-1.4296777	6.4195981
1121.3459	-2.5078967	1.5475681	-1.4232616	6.4207101
1121.3571	-2.5016305	1.5488565	-1.4168514	6.4220538
1121.368	-2.4953675	1.550089	-1.4104424	6.4233456
1121.379	-2.4891112	1.5515646	-1.4040315	6.4247198
1121.39	-2.4828639	1.5530879	-1.3976165	6.4261303
1121.401	-2.4766231	1.5543119	-1.3911934	6.4275789
1121.412	-2.4703822	1.5556202	-1.3847561	6.4288964
1121.423	-2.4641356	1.5572073	-1.3782982	6.4302163
1121.434	-2.4578803	1.5585912	-1.371816	6.4316645
1121.4449	-2.4516149	1.5597811	-1.3653094	6.4331856
1121.4561	-2.4453423	1.5611567	-1.3587805	6.4347706
1121.467	-2.4390676	1.5626643	-1.3522383	6.4364581
1121.478	-2.4327967	1.5639503	-1.3456967	6.4382825
1121.489	-2.4265335	1.5651226	-1.3391682	6.4399166
1121.5	-2.4202809	1.5665028	-1.3326608	6.441339
1121.511	-2.4140425	1.5679481	-1.3261801	6.4426818
1121.522	-2.4078176	1.5691943	-1.3197232	6.4440241
1121.533	-2.4016023	1.570454	-1.3132786	6.4452133
1121.5439	-2.3953915	1.5719409	-1.30683	6.446434
1121.5551	-2.3891785	1.5733411	-1.3003649	6.4478364
1121.566	-2.3829563	1.5745187	-1.2938722	6.4492445
1121.577	-2.3767209	1.5758294	-1.2873484	6.4505205
1121.588	-2.3704724	1.5772595	-1.280799	6.4517393
1121.599	-2.3642142	1.5785964	-1.2742398	6.45294
1121.61	-2.3579504	1.5798233	-1.2676883	6.4539762
1121.621	-2.3516846	1.5812056	-1.2611609	6.4550729
1121.632	-2.3454177	1.5825769	-1.2546697	6.4560847
1121.6429	-2.3391488	1.5837727	-1.2482169	6.4572654
1121.6541	-2.3328733	1.5847714	-1.2417917	6.4583802
1121.665	-2.3265879	1.5856454	-1.2353779	6.4595389
1121.676	-2.3202906	1.5865822	-1.2289579	6.4606175
1121.687	-2.3139839	1.5874726	-1.2225167	6.4617467
1121.698	-2.3076737	1.5882301	-1.2160515	6.4627724
1121.709	-2.3013678	1.5892479	-1.2095717	6.4637384
1121.72	-2.2950726	1.5905318	-1.2030911	6.4647937
1121.731	-2.288794	1.5917431	-1.1966246	6.4656887
1121.7419	-2.2825329	1.5927639	-1.1901822	6.4665909
1121.7531	-2.2762856	1.5940616	-1.1837606	6.4673357
1121.764	-2.2700479	1.5955272	-1.1773471	6.4680691
1121.775	-2.2638159	1.5968328	-1.1709268	6.4687204
1121.786	-2.2575841	1.5980029	-1.164488	6.4694724
1121.797	-2.2513499	1.5995016	-1.158025	6.4701118
1121.808	-2.2451134	1.6010107	-1.1515442	6.4708605
1121.819	-2.2388735	1.6022283	-1.1450583	6.4716201
1121.83	-2.2326298	1.6034864	-1.1385808	6.4723949
1121.8409	-2.2263837	1.6050038	-1.1321201	6.4730492
1121.8521	-2.2201383	1.6063673	-1.1256772	6.4738393
1121.863	-2.2138956	1.6075518	-1.1192459	6.4744067
1121.874	-2.2076583	1.6089504	-1.1128145	6.4748602
1121.885	-2.2014279	1.6104146	-1.1063694	6.4751902
1121.896	-2.1952016	1.6117324	-1.0999004	6.475409
1121.907	-2.1889739	1.6129177	-1.0934031	6.4754281
1121.918	-2.1827385	1.6143593	-1.0868783	6.4755316
1121.929	-2.1764882	1.6158409	-1.080332	6.4754772
1121.9401	-2.1702189	1.617228	-1.0737749	6.4752941
1121.951	-2.1639314	1.6186323	-1.0672197	6.475183
1121.962	-2.1576285	1.6201404	-1.0606776	6.4748139
1121.973	-2.1513147	1.6216255	-1.0541567	6.4743633
1121.984	-2.1449959	1.622954	-1.0476608	6.4740744
1121.995	-2.1386788	1.6243434	-1.0411893	6.473731
1122.006	-2.1323657	1.6257845	-1.0347359	6.4732394
1122.017	-2.12606	1.6270831	-1.0282913	6.4729633
1122.028	-2.1197672	1.6281676	-1.0218478	6.4726529
1122.0391	-2.1134923	1.6291361	-1.0153999	6.4721255
1122.05	-2.1072381	1.6300467	-1.0089436	6.4715281
1122.061	-2.1010072	1.6309928	-1.0024782	6.4708791
1122.072	-2.0948005	1.6319804	-0.9960078	6.470171
1122.083	-2.0886128	1.6330085	-0.9895342	6.4695382
1122.094	-2.0824385	1.6342788	-0.98305595	6.4689927
1122.105	-2.0762703	1.6356739	-0.97657126	6.4684334
1122.116	-2.0701022	1.6369404	-0.9700765	6.4680467
1122.127	-2.0639286	1.6381365	-0.96356511	6.4676533
1122.1381	-2.0577462	1.6395918	-0.95703125	6.4672451
1122.149	-2.0515523	1.6410375	-0.95047444	6.4670157
1122.16	-2.0453467	1.6422907	-0.94389719	6.4669948
1122.171	-2.0391321	1.6435956	-0.93730479	6.4669113
1122.182	-2.032912	1.6450752	-0.93070686	6.4668903
1122.193	-2.0266907	1.6464847	-0.92411536	6.4669781
1122.204	-2.0204751	1.6476921	-0.91754115	6.46696
1122.215	-2.0142701	1.6490672	-0.91099149	6.4669008
1122.226	-2.0080752	1.6504689	-0.904468	6.4669461
1122.2371	-2.0018876	1.6518056	-0.89796722	6.4669681
1122.248	-1.9957005	1.6529984	-0.89148229	6.4670024
1122.259	-1.989504	1.6544149	-0.88500232	6.467041
1122.27	-1.9832875	1.6558101	-0.87851709	6.4671564
1122.281	-1.9770467	1.6570767	-0.87202442	6.4672813
1122.292	-1.9707829	1.6583714	-0.8655268	6.4673986
1122.303	-1.9645007	1.659767	-0.85902774	6.4674277
1122.314	-1.9582089	1.6611297	-0.85253447	6.4674702
1122.325	-1.9519171	1.6624055	-0.84605575	6.4674873
1122.3361	-1.9456297	1.6637402	-0.83959222	6.4675493
1122.347	-1.9393451	1.66514	-0.83314013	6.4676962
1122.358	-1.9330612	1.6664886	-0.82669502	6.468009
1122.369	-1.9267762	1.6677434	-0.8202517	6.4685378
1122.38	-1.9204894	1.6690407	-0.81380552	6.4690385
1122.391	-1.9142052	1.6703776	-0.80735832	6.4695158
1122.402	-1.9079329	1.6716619	-0.80091625	6.4700174
1122.413	-1.9016792	1.672726	-0.7944876	6.4704685
1122.424	-1.8954462	1.6735902	-0.78807896	6.4708195
1122.4351	-1.8892313	1.6744791	-0.78169167	6.4712362
1122.446	-1.8830265	1.6753906	-0.77532023	6.4717417
1122.457	-1.8768187	1.6761992	-0.76895314	6.4723377
1122.468	-1.8705976	1.6770823	-0.76257414	6.472971
1122.479	-1.8643594	1.6783737	-0.75616741	6.4736156
1122.49	-1.8581053	1.6796539	-0.74972254	6.4744039
1122.501	-1.8518414	1.6807497	-0.74323678	6.475173
1122.512	-1.845578	1.6819729	-0.7367152	6.4757881
1122.5229	-1.8393226	1.6834866	-0.73017126	6.4763684
1122.5341	-1.8330773	1.684828	-0.72362179	6.4769216
1122.545	-1.8268402	1.6859387	-0.71708196	6.477457
1122.556	-1.8206062	1.6873301	-0.71056074	6.4779768
1122.567	-1.8143694	1.6888974	-0.70405823	6.4786992
1122.578	-1.8081254	1.6901863	-0.69756496	6.4796405
1122.589	-1.8018724	1.6914136	-0.69106859	6.4804773
1122.6	-1.7956128	1.6929338	-0.68455774	6.4812927
1122.611	-1.7893496	1.6944228	-0.67802596	6.4821219
1122.6219	-1.7830838	1.6956639	-0.67147696	6.4828167
1122.6331	-1.7768172	1.6970001	-0.6649242	6.4833488
1122.644	-1.7705513	1.6985326	-0.65838212	6.4840922
1122.655	-1.7642851	1.6998754	-0.65186357	6.4847689
1122.666	-1.7580177	1.7010835	-0.64537776	6.4854193
1122.677	-1.7517499	1.7023861	-0.63892442	6.4862404
1122.688	-1.7454824	1.7037882	-0.63249528	6.4870315
1122.699	-1.7392153	1.7050631	-0.62607998	6.4877148
1122.71	-1.7329479	1.7061175	-0.61966956	6.4885044
1122.7209	-1.7266814	1.7070459	-0.61325818	6.4892254
1122.7321	-1.7204148	1.7079793	-0.60684544	6.4898629
1122.743	-1.7141473	1.7088377	-0.60043424	6.4905105
1122.754	-1.7078798	1.7095706	-0.59402925	6.4912171
1122.765	-1.7016152	1.7104797	-0.58763176	6.4918242
1122.776	-1.6953555	1.7117014	-0.58123916	6.4925532
1122.787	-1.6891042	1.7129216	-0.57484758	6.4933109
1122.798	-1.6828642	1.7139707	-0.56845349	6.4940915
1122.809	-1.676634	1.7151698	-0.56205219	6.4948692
1122.8199	-1.6704078	1.7166346	-0.55564135	6.4957824
1122.8311	-1.6641786	1.7179785	-0.54922044	6.4966421
1122.842	-1.6579381	1.7192131	-0.54278594	6.4974451
1122.853	-1.6516795	1.7207098	-0.53633183	6.4981198
1122.864	-1.6454017	1.7223487	-0.52985466	6.4987779
1122.875	-1.6391118	1.7237599	-0.52335405	6.4993219
1122.886	-1.6328208	1.725165	-0.51683283	6.4999604
1122.897	-1.6265432	1.7267737	-0.51029891	6.5005789
1122.908	-1.6202939	1.7283335	-0.50376368	6.5013671
1122.9189	-1.6140822	1.7296416	-0.49723527	6.5021701
1122.9301	-1.6079084	1.731002	-0.49071547	6.5029054
1122.941	-1.6017642	1.7324632	-0.48420161	6.5036364
1122.952	-1.5956352	1.7338722	-0.477689	6.5042858
1122.963	-1.5895029	1.7351193	-0.47117263	6.5048723
1122.974	-1.5833507	1.7365509	-0.46465129	6.5054231
1122.985	-1.577167	1.738102	-0.45812961	6.5060778
1122.996	-1.5709479	1.7395889	-0.45161486	6.5066805
1123.007	-1.5646964	1.740877	-0.44511104	6.5073009
1123.0179	-1.5584191	1.7419707	-0.43861756	6.5079832
1123.0291	-1.5521249	1.7429122	-0.43213004	6.5087008
1123.04	-1.5458245	1.7437972	-0.42563954	6.5094481
1123.051	-1.5395263	1.7446046	-0.41913632	6.5100746
1123.062	-1.5332347	1.7453709	-0.41261542	6.5107775
1123.073	-1.5269543	1.7464267	-0.40607652	6.5114536
1123.084	-1.520686	1.747666	-0.39952165	6.5121198
1123.095	-1.5144254	1.7487832	-0.39295819	6.5126848
1123.106	-1.5081681	1.7499074	-0.38639602	6.5133615
1123.1169	-1.5019125	1.7512933	-0.37984437	6.5140362
1123.1281	-1.4956563	1.7526983	-0.3733128	6.5146675
1123.139	-1.4894006	1.7539346	-0.36680984	6.5153213
1123.15	-1.4831535	1.7551866	-0.36033618	6.515944
1123.161	-1.4769205	1.7566731	-0.3538858	6.5164928
1123.172	-1.4707048	1.7581074	-0.34744868	6.5170898
1123.183	-1.4645067	1.7592626	-0.34101126	6.5177331
1123.194	-1.4583232	1.7605871	-0.33456045	6.5181837
1123.205	-1.4521463	1.7621298	-0.32809156	6.5187068
1123.2159	-1.4459689	1.7634963	-0.32160825	6.5192719
1123.2271	-1.4397842	1.7647158	-0.31511822	6.5198641
1123.238	-1.4335886	1.7661287	-0.30863062	6.5203223
1123.249	-1.4273801	1.7676306	-0.30215386	6.5207658
1123.26	-1.4211581	1.7688941	-0.29569027	6.5211306
1123.271	-1.4149238	1.7698973	-0.28923574	6.5214086
1123.282	-1.4086807	1.7708378	-0.28278327	6.5215335
1123.293	-1.402431	1.771795	-0.27632624	6.521574
1123.304	-1.3961771	1.7726101	-0.26986066	6.5216551
1123.3151	-1.3899212	1.773397	-0.26338771	6.521657
1123.326	-1.3836632	1.7744076	-0.25691089	6.5215483
1123.337	-1.3774016	1.7757369	-0.25043568	6.5214148
1123.348	-1.3711351	1.7769638	-0.24396883	6.5213733
1123.359	-1.3648635	1.7781163	-0.23751192	6.5212097
1123.37	-1.358587	1.7794437	-0.2310596	6.5210218
1123.381	-1.3523088	1.7809505	-0.22460607	6.5207601
1123.392	-1.3460321	1.7822354	-0.21814552	6.5203567
1123.403	-1.3397604	1.7834762	-0.21166843	6.5198946
1123.4141	-1.3334951	1.7850159	-0.20516828	6.5194173
1123.425	-1.3272364	1.7865279	-0.19864653	6.5189972
1123.436	-1.3209816	1.7877356	-0.19210905	6.5186887
1123.447	-1.3147274	1.788978	-0.18556318	6.518353
1123.458	-1.3084705	1.7905167	-0.17902586	6.5179949
1123.469	-1.3022088	1.7918918	-0.17252214	6.5176411
1123.48	-1.2959424	1.7930429	-0.16607639	6.5172915
1123.491	-1.2896736	1.7941597	-0.15970841	6.5167365
1123.502	-1.2834057	1.7952808	-0.15343598	6.5162754
1123.5131	-1.2771431	1.796134	-0.14726374	6.5158997
1123.524	-1.2708904	1.796846	-0.14117877	6.5154042
1123.535	-1.2646501	1.7977358	-0.13515796	6.5147867
1123.546	-1.2584232	1.7987403	-0.12917434	6.514329
1123.557	-1.2522092	1.7998133	-0.12319832	6.5138474
1123.568	-1.2460051	1.8009547	-0.11720777	6.5132041
1123.579	-1.2398057	1.8022665	-0.11119492	6.5127983
1123.59	-1.2336055	1.803532	-0.10516559	6.512475
1123.601	-1.2273992	1.8048913	-0.099135622	6.5120955
1123.6121	-1.221182	1.8062119	-0.093125895	6.5117679
1123.623	-1.2149512	1.8075449	-0.087157547	6.5115972
1123.634	-1.2087065	1.8089558	-0.081246652	6.5114522
1123.645	-1.2024502	1.810342	-0.075398885	6.511342
1123.656	-1.1961855	1.8116456	-0.069609702	6.5112615
1123.667	-1.189917	1.8129926	-0.063870542	6.5111432
1123.678	-1.1836491	1.8144751	-0.058167651	6.5110312
1123.689	-1.1773849	1.8158042	-0.052483525	6.5107675
1123.7	-1.1711252	1.8171493	-0.046803433	6.5103683
1123.7111	-1.1648697	1.8183739	-0.041117869	6.5100112
1123.722	-1.1586157	1.8193275	-0.035419382	6.5097427
1123.733	-1.152359	1.8201218	-0.029705662	6.5093389
1123.744	-1.146095	1.8209715	-0.023981249	6.5090961
1123.755	-1.1398222	1.8218285	-0.01825374	6.5088301
1123.766	-1.1335411	1.8226912	-0.012529882	6.5085473
1123.777	-1.1272541	1.8238432	-0.0068148901	6.5083303
1123.788	-1.1209675	1.8251702	-0.001111784	6.5081472
1123.799	-1.1146901	1.826498	0.0045793341	6.5078015
1123.8101	-1.1084285	1.8278369	0.010258734	6.507719
1123.821	-1.1021883	1.8293604	0.015922679	6.5075893
1123.832	-1.0959727	1.8308411	0.021563729	6.5074263
1123.843	-1.0897799	1.8321866	0.027175084	6.5073438
1123.854	-1.0836042	1.8335868	0.032753993	6.5073004
1123.865	-1.0774392	1.835039	0.038307086	6.5071898
1123.876	-1.0712755	1.8362806	0.043854646	6.5071969
1123.887	-1.0651057	1.8375551	0.049425729	6.5073099
1123.8979	-1.0589236	1.8390404	0.055049263	6.507257
1123.9091	-1.0527236	1.840511	0.060746811	6.507329
1123.92	-1.0465019	1.8418238	0.066523716	6.5073805
1123.931	-1.0402585	1.8431797	0.072366051	6.5073829
1123.942	-1.0339938	1.8443341	0.078246094	6.507369
1123.953	-1.0277116	1.8452342	0.084130645	6.5075674
1123.964	-1.0214201	1.846115	0.089989431	6.5077548
1123.975	-1.0151287	1.8470588	0.095803842	6.5079865
1123.986	-1.0088454	1.8479583	0.10156766	6.5081711
1123.9969	-1.0025778	1.8491501	0.1072867	6.5083313
1124.0081	-0.99632925	1.8504382	0.11297683	6.5084491
1124.019	-0.99009705	1.8516772	0.11865736	6.5086432
1124.03	-0.98387635	1.8528646	0.12434531	6.5087967
1124.041	-0.97765976	1.854293	0.13005663	6.5091977
1124.052	-0.971439	1.8557498	0.13580266	6.5095377
1124.063	-0.96520835	1.8570706	0.14158438	6.5100012
1124.074	-0.95896643	1.8584074	0.14739494	6.5104375
1124.085	-0.95271361	1.8598572	0.15322426	6.51089
1124.0959	-0.94645298	1.8612177	0.15905681	6.5112
1124.1071	-0.94018781	1.862422	0.16487284	6.5115819
1124.118	-0.93392003	1.8634411	0.17065792	6.5118852
1124.129	-0.92764813	1.8643472	0.17640506	6.5121188
1124.14	-0.92136931	1.8653173	0.18210909	6.5123906
1124.151	-0.91508031	1.8662293	0.18776855	6.5126777
1124.162	-0.90878052	1.867011	0.19338912	6.5129943
1124.173	-0.90247184	1.8681386	0.19897732	6.5132999
1124.184	-0.89616054	1.8695384	0.2045382	6.5137253
1124.1949	-0.88985574	1.8706656	0.21008013	6.514133
1124.2061	-0.8835668	1.8717858	0.21561617	6.5145946
1124.217	-0.87729925	1.873271	0.22116102	6.5149689
1124.228	-0.87105483	1.8747276	0.22672971	6.5153956
1124.239	-0.86483014	1.8758738	0.23233524	6.5158391
1124.25	-0.85861623	1.8771398	0.23798658	6.5162797
1124.261	-0.85240215	1.878664	0.24368373	6.516643
1124.272	-0.84617889	1.8801039	0.24941626	6.5171099
1124.283	-0.83993977	1.8812412	0.25516963	6.5176539
1124.2939	-0.83368146	1.8823206	0.2609306	6.518034
1124.3051	-0.82740635	1.8833371	0.26668584	6.518549
1124.316	-0.82111984	1.8842348	0.27242529	6.5191193
1124.327	-0.81482738	1.8849875	0.27814722	6.5196767
1124.338	-0.80853581	1.8858612	0.28385279	6.5201263
1124.349	-0.80225271	1.8870229	0.28954187	6.5207334
1124.36	-0.79598361	1.8882425	0.29521978	6.5212483
1124.371	-0.78973317	1.88939	0.30089855	6.5219364
1124.382	-0.7835055	1.8906118	0.30659065	6.522429
1124.3929	-0.7772997	1.8921351	0.31230986	6.5230994
1124.4041	-0.7711094	1.8935173	0.31807047	6.5239038
1124.415	-0.76492476	1.8948407	0.32387596	6.5248141
1124.426	-0.75873286	1.8962814	0.32971537	6.5257263
1124.437	-0.75252068	1.8978412	0.33556879	6.5270147
1124.448	-0.74628097	1.8991499	0.34140965	6.5283337
1124.459	-0.74001372	1.9004092	0.34721091	6.5294681
1124.47	-0.73372632	1.901596	0.35295719	6.5306273
1124.481	-0.72743225	1.9025425	0.35864753	6.5318451
1124.4919	-0.72114527	1.9033424	0.36429092	6.5328484
1124.5031	-0.71487457	1.9041476	0.36990353	6.533772
1124.514	-0.70862287	1.9050562	0.37550303	6.5349321
1124.525	-0.70238519	1.9060199	0.38110009	6.5361242
1124.536	-0.6961506	1.9071505	0.38669556	6.5372934
1124.547	-0.68990862	1.9084103	0.39228719	6.5386205
1124.558	-0.68365389	1.9096454	0.39787507	6.540113
1124.569	-0.67738706	1.9108075	0.40346217	6.5415349
1124.58	-0.67111588	1.9121788	0.40905732	6.5429115
1124.5909	-0.6648525	1.913547	0.41467753	6.5442123
1124.6021	-0.65860701	1.9147528	0.4203386	6.5453811
1124.613	-0.65238458	1.9158452	0.4260444	6.5465293
1124.624	-0.64618361	1.9168	0.43178707	6.5476661
1124.635	-0.63999546	1.9177339	0.43754801	6.5489173
1124.646	-0.63380873	1.9186381	0.44329774	6.5502825
1124.657	-0.62761456	1.9194846	0.44900513	6.5519319
1124.668	-0.62140852	1.9204298	0.45464972	6.5535321
1124.679	-0.61519283	1.9217095	0.46022826	6.5552387
1124.6901	-0.60897732	1.9229442	0.46575403	6.556778
1124.701	-0.60277379	1.9240953	0.47125515	6.5582237
1124.712	-0.59659141	1.9254587	0.47676972	6.5593276
1124.723	-0.59043366	1.9270248	0.48233581	6.5603676
1124.734	-0.58429599	1.9284853	0.48797801	6.5612655
1124.745	-0.57816499	1.9298446	0.49370292	6.562314
1124.756	-0.57202262	1.9311038	0.49949974	6.5634594
1124.767	-0.56585258	1.9321586	0.50534141	6.5648041
1124.778	-0.55964518	1.9331561	0.51119012	6.5661464
1124.7891	-0.55339944	1.9341002	0.51701152	6.5676908
1124.8	-0.54712456	1.935006	0.52278471	6.5691128
1124.811	-0.54083693	1.9360235	0.52850318	6.5703869
1124.822	-0.53455257	1.9373479	0.53417373	6.5714102
1124.833	-0.52828097	1.938587	0.53981423	6.5725188
1124.844	-0.52202445	1.9398071	0.54544544	6.5734367
1124.855	-0.51577657	1.9413257	0.5510816	6.5744004
1124.866	-0.50952345	1.9429898	0.55673027	6.5756359
1124.877	-0.50325251	1.944371	0.5623951	6.5771141
1124.8881	-0.49695674	1.9454976	0.56807721	6.5785527
1124.899	-0.49063635	1.9466325	0.57377565	6.5799742
1124.91	-0.48430052	1.9476111	0.57949156	6.5814118
1124.921	-0.47796574	1.94842	0.58522582	6.5825672
1124.932	-0.47164828	1.9492444	0.59097695	6.5835171
1124.943	-0.4653604	1.9501946	0.59674031	6.5844741
1124.954	-0.45910642	1.9512994	0.60250813	6.5855398
1124.965	-0.4528802	1.9524736	0.60827059	6.5864854
1124.976	-0.44666743	1.9536272	0.61401814	6.587636
1124.9871	-0.44045189	1.9549104	0.61974156	6.5889497
1124.998	-0.43421882	1.9563332	0.62543273	6.5903192
1125.009	-0.42795989	1.9576303	0.63108873	6.5915875
1125.02	-0.42167562	1.9588921	0.63671136	6.592803
1125.031	-0.41537294	1.9601463	0.64230812	6.5936899
1125.042	-0.40906224	1.9611465	0.64789319	6.5946221
1125.053	-0.4027555	1.9620262	0.65348744	6.5953617
1125.064	-0.39646176	1.9630562	0.65911275	6.5960741
1125.075	-0.39018476	1.9640559	0.66478783	6.5969267
1125.0861	-0.3839249	1.9650071	0.67052209	6.5980048
1125.097	-0.37767839	1.9662747	0.67631352	6.599061
1125.108	-0.37143829	1.9676868	0.6821475	6.6001606
1125.119	-0.36519796	1.968981	0.68799978	6.6011891
1125.13	-0.35895309	1.9702328	0.69384336	6.6022134
1125.141	-0.3527011	1.9716806	0.69965708	6.603045
1125.152	-0.34644228	1.973107	0.70542711	6.6038723
1125.163	-0.34017873	1.9743857	0.71114868	6.6046047
1125.174	-0.33391157	1.9753695	0.71682483	6.6054339
1125.1851	-0.32764134	1.9762846	0.72246349	6.6061306
1125.196	-0.32136875	1.9772451	0.72807443	6.6070352
1125.207	-0.31509361	1.9780878	0.73367018	6.6078835
1125.218	-0.30881685	1.9788696	0.73926669	6.6087513
1125.229	-0.30254224	1.9799216	0.74488252	6.6095004
1125.24	-0.29627436	1.9813006	0.75053674	6.6103358
1125.251	-0.29001665	1.9824835	0.75624245	6.6110029
1125.262	-0.28377226	1.9835911	0.76200211	6.6115212
1125.2729	-0.27754188	1.9849776	0.76780605	6.6121454
1125.2841	-0.27132252	1.9865052	0.77363473	6.6128945
1125.295	-0.26510867	1.9877315	0.77946079	6.6135015
1125.306	-0.25889391	1.9888853	0.7852596	6.6141734
1125.317	-0.25267133	1.990023	0.7910161	6.6149049
1125.328	-0.24643594	1.9909635	0.79672426	6.6155553
1125.339	-0.24018627	1.9917359	0.80238426	6.6161518
1125.35	-0.23392536	1.9925872	0.80800474	6.6167173
1125.361	-0.22765917	1.9935114	0.81359774	6.6172113
1125.3719	-0.22139506	1.9946496	0.81917346	6.6177125
1125.3831	-0.21513982	1.9958948	0.82474363	6.6183796
1125.394	-0.20889688	1.9970913	0.83032507	6.6189499
1125.405	-0.20266433	1.9983321	0.83593458	6.619554
1125.416	-0.19643757	1.9993742	0.84158635	6.6202321
1125.427	-0.19021124	2.0002108	0.84728944	6.6210327
1125.438	-0.18397994	2.0011215	0.85304552	6.6216784
1125.449	-0.1777404	2.0021014	0.85884428	6.6224837
1125.46	-0.17149284	2.0029819	0.86466503	6.6232848
1125.4709	-0.16523844	2.0040147	0.87048346	6.6240497
1125.4821	-0.15897726	2.0053253	0.87627912	6.624579
1125.493	-0.15270922	2.0066321	0.88203597	6.625102
1125.504	-0.14643487	2.0078237	0.88774621	6.6255598
1125.515	-0.14015698	2.009192	0.89341271	6.6261406
1125.526	-0.13388291	2.0106366	0.89904463	6.6266546
1125.537	-0.12762454	2.0119925	0.90465325	6.6273193
1125.548	-0.12139465	2.013109	0.91025108	6.6278944
1125.559	-0.11520348	2.0140803	0.91584986	6.6284699
1125.5699	-0.10905403	2.0149748	0.92145872	6.6290483
1125.5811	-0.10293883	2.0158014	0.92708373	6.6296463
1125.592	-0.096842669	2.0166192	0.93272489	6.6301475
1125.603	-0.090748332	2.0174599	0.93837875	6.6307569
1125.614	-0.084639557	2.0186117	0.94403881	6.631289
1125.625	-0.07850647	2.0199151	0.94969612	6.6316733
1125.636	-0.072350264	2.0211589	0.95534182	6.6321912
1125.647	-0.066181235	2.022352	0.96097291	6.6326795
1125.658	-0.060014475	2.0235133	0.96659124	6.6331758
1125.6689	-0.053867843	2.024591	0.97220033	6.6337214
1125.6801	-0.047755335	2.0255444	0.97780478	6.6343222
1125.691	-0.041678943	2.0265446	0.98340791	6.6348262
1125.702	-0.035626255	2.0276072	0.9890089	6.6353736
1125.713	-0.029572971	2.0289598	0.99460232	6.6359415
1125.724	-0.023486616	2.0303228	1.0001858	6.6364946
1125.735	-0.017334718	2.0315778	1.0057648	6.6371455
1125.746	-0.0110966	2.0327959	1.0113521	6.6378789
1125.757	-0.0047699641	2.0338907	1.016965	6.6385856
1125.7679	0.0016310264	2.034775	1.0226252	6.6392517
1125.7791	0.0080797765	2.0357239	1.028347	6.6398888
1125.79	0.014544517	2.0368111	1.0341299	6.6403856
1125.801	0.020998701	2.0378909	1.0399611	6.6408935
1125.812	0.027427398	2.0390704	1.0458198	6.6414218
1125.823	0.033826239	2.0404859	1.0516785	6.6419258
1125.834	0.040200073	2.041888	1.0575131	6.6425724
1125.845	0.046557896	2.0431497	1.0633082	6.6433325
1125.856	0.052906912	2.0445831	1.069055	6.6440091
1125.8669	0.059250873	2.046104	1.0747526	6.6448269
1125.8781	0.065590814	2.0474656	1.080412	6.6456795
1125.889	0.071924262	2.0485725	1.0860486	6.646472
1125.9	0.078248687	2.0495098	1.0916796	6.6472154
1125.911	0.084564932	2.0503836	1.0973263	6.6479492
1125.922	0.09087427	2.0512514	1.1030053	6.6485257
1125.933	0.097177118	2.0521038	1.1087202	6.6491175
1125.944	0.10347484	2.0529144	1.114466	6.6497359
1125.955	0.10976765	2.0541482	1.1202326	6.6504064
1125.9659	0.11605257	2.0554769	1.1260009	6.6511383
1125.9771	0.12232783	2.0566006	1.1317521	6.6519594
1125.988	0.12859458	2.0576336	1.1374751	6.6527576
1125.999	0.13485435	2.0586698	1.1431648	6.6534386
1126.01	0.14110968	2.0595837	1.1488192	6.653904
1126.021	0.14736411	2.0603786	1.1544436	6.6543961
1126.032	0.15361929	2.0612552	1.160045	6.6546912
1126.043	0.15987454	2.0622659	1.1656317	6.6551895
1126.054	0.16612913	2.0634189	1.1712115	6.6557779
1126.0651	0.17238235	2.0646369	1.1767946	6.6564345
1126.076	0.17863488	2.0658972	1.1823916	6.6570964
1126.087	0.18488896	2.0671539	1.1880158	6.6579924
1126.098	0.19114728	2.0681846	1.1936767	6.6587539
1126.109	0.19741078	2.0688746	1.1993778	6.6594892
1126.12	0.20367931	2.0693715	1.2051165	6.6603212
1126.131	0.20995119	2.0698164	1.2108845	6.6609888
1126.142	0.21622308	2.0702868	1.2166637	6.6616616
1126.153	0.22249036	2.0708604	1.2224375	6.6623254
1126.1641	0.22875142	2.0716555	1.2281975	6.662982
1126.175	0.23500699	2.0725355	1.2339394	6.6636057
1126.186	0.24125874	2.0732076	1.2396603	6.6642861
1126.197	0.24751048	2.0735986	1.2453636	6.6649199
1126.208	0.25377005	2.0738945	1.2510535	6.6654773
1126.219	0.26004261	2.0740664	1.2567265	6.6660514
1126.23	0.26632839	2.0739882	1.2623805	6.6666493
1126.241	0.27262497	2.073849	1.2680224	6.6672659
1126.252	0.27892646	2.0739686	1.2736627	6.6678762
1126.2631	0.28522113	2.0743673	1.279313	6.6684709
1126.274	0.29149723	2.0748656	1.2849896	6.6690831
1126.285	0.29774812	2.0755901	1.2907037	6.6696329
1126.296	0.30397189	2.0765696	1.2964525	6.6702366
1126.307	0.31017181	2.0773082	1.3022225	6.6707559
1126.318	0.3163574	2.077677	1.3079932	6.6712193
1126.329	0.32254171	2.0779395	1.313741	6.6715779
1126.34	0.32873586	2.0781629	1.3194475	6.6720071
1126.351	0.33494693	2.0781465	1.3251032	6.6724749
1126.3621	0.34117728	2.0780957	1.3307095	6.6729522
1126.373	0.34742385	2.0782807	1.3362794	6.6735282
1126.384	0.35367918	2.0787733	1.3418311	6.6742406
1126.395	0.35993585	2.0794158	1.3473845	6.6749167
1126.406	0.36618733	2.0801744	1.3529598	6.6755323
1126.417	0.37242776	2.0810809	1.358574	6.6761432
1126.428	0.37865317	2.0819263	1.3642383	6.6768703
1126.439	0.38486049	2.0824857	1.3699569	6.6775265
1126.45	0.39104614	2.0827641	1.3757273	6.6781425
1126.4611	0.3972086	2.0829747	1.3815402	6.6787958
1126.472	0.40335184	2.0830524	1.3873779	6.6794772
1126.483	0.40948328	2.0829816	1.3932172	6.6800447
1126.494	0.41561338	2.083138	1.3990345	6.6805701
1126.505	0.42175406	2.0836582	1.4048082	6.6812439
1126.516	0.42791417	2.0843616	1.4105211	6.6820445
1126.527	0.43409485	2.0851536	1.4161681	6.6828284
1126.538	0.44029158	2.0859885	1.4217567	6.6837273
1126.549	0.44649738	2.0867116	1.4273034	6.6846194
1126.5601	0.45270449	2.0872231	1.4328328	6.6853471
1126.571	0.45890734	2.0875499	1.4383756	6.6859064
1126.582	0.46510544	2.0877194	1.4439572	6.6865344
1126.593	0.47130308	2.087919	1.4495935	6.687017
1126.604	0.47750637	2.0881314	1.4552912	6.6876044
1126.615	0.48372149	2.0884619	1.4610436	6.6882834
1126.626	0.48995394	2.088999	1.4668289	6.6888642
1126.637	0.49620703	2.0897756	1.472622	6.6895208
1126.6479	0.50247991	2.0906546	1.4784013	6.6903453
1126.6591	0.50876784	2.0914478	1.4841492	6.6911507
1126.67	0.5150643	2.0920482	1.4898572	6.6919727
1126.681	0.52136332	2.0925322	1.4955328	6.6928763
1126.692	0.52766007	2.0928438	1.5011878	6.6937513
1126.703	0.53395277	2.0930209	1.50683	6.6945548
1126.714	0.54024267	2.0931363	1.5124649	6.6953306
1126.725	0.54653227	2.0934145	1.5180986	6.6963363
1126.736	0.55282229	2.0938585	1.5237292	6.6973743
1126.7469	0.55911106	2.0944574	1.5293543	6.6984849
1126.7581	0.56539494	2.0952232	1.5349836	6.6996737
1126.769	0.57166958	2.0961843	1.5406327	6.7010903
1126.78	0.57793206	2.0971167	1.5463129	6.7024603
1126.791	0.5841825	2.0976675	1.5520343	6.7039704
1126.802	0.5904246	2.0980506	1.5578054	6.7054625
1126.813	0.59666508	2.0983441	1.5636199	6.7070441
1126.824	0.60291088	2.0985079	1.5694567	6.7084694
1126.835	0.6091674	2.0983827	1.5752953	6.7099309
1126.8459	0.61543787	2.0984256	1.5811149	6.7114182
1126.8571	0.62172115	2.0988264	1.586894	6.713028
1126.868	0.62801182	2.0993576	1.5926225	6.7146187
1126.879	0.63430423	2.0999331	1.5983043	6.7162366
1126.89	0.64059305	2.1008165	1.6039501	6.717773
1126.901	0.64687395	2.1017616	1.6095791	6.7193446
1126.912	0.65314615	2.1022799	1.6152132	6.7208714
1126.923	0.65941358	2.1026893	1.6208715	6.722343
1126.934	0.66568005	2.1030784	1.626567	6.7238846
1126.9449	0.67194808	2.103241	1.6323062	6.7255859
1126.9561	0.6782198	2.1031854	1.6380836	6.727356
1126.967	0.68449539	2.1032724	1.6438872	6.7290063
1126.978	0.69077235	2.1036973	1.6497021	6.7306671
1126.989	0.69704801	2.1041932	1.6555097	6.7323213
1127	0.70332158	2.10483	1.6612928	6.7337937
1127.011	0.70959222	2.1056678	1.6670414	6.7351465
1127.022	0.71585971	2.1066129	1.6727486	6.7365923
1127.033	0.72212464	2.1072257	1.6784096	6.7381382
1127.0439	0.72838861	2.1075606	1.6840254	6.7396498
1127.0551	0.73465246	2.1077864	1.689598	6.7412515
1127.066	0.74091661	2.1079383	1.6951286	6.7429638
1127.077	0.74718064	2.1078448	1.700626	6.7447367
1127.088	0.75344247	2.1078115	1.7061089	6.7462845
1127.099	0.75969809	2.1081538	1.7116007	6.7478242
1127.11	0.76594347	2.1087604	1.7171263	6.7493448
1127.121	0.7721768	2.1093638	1.7227116	6.7508469
1127.132	0.77839977	2.1101944	1.7283709	6.7521195
1127.1429	0.78461736	2.1110835	1.734099	6.753552
1127.1541	0.79083699	2.1117091	1.7398754	6.7550645
1127.165	0.79706615	2.1120486	1.7456754	6.7565517
1127.176	0.80330789	2.1122341	1.7514699	6.757998
1127.187	0.80956125	2.1124096	1.7572354	6.7595081
1127.198	0.81582201	2.1123965	1.7629635	6.7610779
1127.209	0.82208496	2.1124046	1.768658	6.7625914
1127.22	0.82834619	2.1128075	1.7743267	6.7640953
1127.231	0.83460701	2.1134968	1.7799823	6.7656188
1127.2419	0.84087175	2.1142015	1.7856394	6.7672262
1127.2531	0.84714562	2.1150558	1.7913078	6.7689047
1127.264	0.85343188	2.1159503	1.7969953	6.7705975
1127.275	0.85973054	2.1165602	1.8027078	6.772295
1127.286	0.86603427	2.1169558	1.8084468	6.7738452
1127.297	0.87233067	2.1171618	1.8142085	6.7754045
1127.308	0.8786059	2.1172507	1.8199862	6.7767816
1127.319	0.88484776	2.1172864	1.8257687	6.7780957
1127.33	0.891047	2.1174128	1.831543	6.7792315
1127.3409	0.89720261	2.1177514	1.8372973	6.7805042
1127.3521	0.9033218	2.1183186	1.8430223	6.7817945
1127.363	0.90941656	2.1191256	1.8487141	6.7832475
1127.374	0.9155004	2.1199858	1.854372	6.7847381
1127.385	0.92158633	2.1206927	1.8599979	6.7863297
1127.396	0.92768389	2.121196	1.8655943	6.7878456
1127.407	0.9337973	2.1215219	1.8711652	6.789289
1127.418	0.93992782	2.1216626	1.8767124	6.7905841
1127.429	0.94607604	2.1216953	1.8822389	6.7917871
1127.4401	0.95224196	2.1216583	1.8877519	6.7929659
1127.451	0.95842546	2.1218557	1.8932651	6.7941608
1127.462	0.96462554	2.122267	1.8987941	6.7954278
1127.473	0.97083932	2.1228313	1.9043545	6.7967381
1127.484	0.97706228	2.1236067	1.909958	6.7980647
1127.495	0.98329049	2.1245706	1.9156026	6.7993283
1127.506	0.98952043	2.1254771	1.9212662	6.8006234
1127.517	0.9957515	2.1261001	1.9269083	6.8017383
1127.528	1.0019865	2.1266155	1.9324744	6.8027506
1127.5391	1.0082297	2.126972	1.9378991	6.8038354
1127.55	1.0144839	2.1270957	1.9431173	6.8051267
1127.561	1.0207509	2.1270435	1.948077	6.8062506
1127.572	1.0270308	2.1271942	1.9527473	6.8075547
1127.583	1.0333223	2.127635	1.9571223	6.8088832
1127.594	1.0396224	2.1281548	1.9612224	6.8101487
1127.605	1.0459292	2.1289525	1.9650893	6.8112035
1127.616	1.0522408	2.1301003	1.9687752	6.8123603
1127.627	1.0585551	2.1312354	1.9723297	6.8133707
1127.6381	1.0648688	2.1319408	1.9757904	6.8143635
1127.649	1.0711793	2.1324494	1.9791808	6.8152008
1127.66	1.0774845	2.1328714	1.9825113	6.8162351
1127.671	1.0837828	2.1330454	1.9857818	6.8172574
1127.682	1.0900729	2.1329217	1.9889907	6.8183517
1127.693	1.0963559	2.1329734	1.9921405	6.8192911
1127.704	1.1026331	2.1333342	1.9952348	6.8204532
1127.715	1.1089061	2.1338935	1.9982762	6.8216028
1127.726	1.1151768	2.1345124	2.001271	6.8225532
1127.7371	1.1214474	2.1354432	2.004225	6.8234487
1127.748	1.1277176	2.1363564	2.0071402	6.8245063
1127.759	1.1339864	2.1369374	2.0100193	6.8255801
1127.77	1.140251	2.137279	2.0128706	6.8265014
1127.781	1.1465087	2.1375437	2.0157008	6.8274255
1127.792	1.1527575	2.1376643	2.0185163	6.8283491
1127.803	1.1589992	2.1374834	2.0213292	6.8290801
1127.814	1.1652379	2.1374497	2.0241556	6.8294363
1127.825	1.1714791	2.1378179	2.0270119	6.8294663
1127.8361	1.1777276	2.1384277	2.0299132	6.8294349
1127.847	1.1839848	2.1391165	2.0328729	6.8290854
1127.858	1.1902475	2.1400855	2.0358934	6.8285894
1127.869	1.196508	2.1410677	2.0389686	6.8280993
1127.88	1.2027584	2.1416678	2.0420785	6.8277078
1127.891	1.2089938	2.141999	2.0451975	6.8270864
1127.902	1.2152148	2.1421056	2.0483005	6.8263454
1127.913	1.2214283	2.1420672	2.0513675	6.8254962
1127.924	1.2276449	2.1419909	2.0543826	6.8243942
1127.9351	1.2338765	2.1420894	2.0573437	6.8230114
1127.946	1.2401308	2.1424747	2.0602593	6.8216066
1127.957	1.2464097	2.1432457	2.0631409	6.8202963
1127.968	1.2527095	2.1441841	2.0660014	6.8189139
1127.979	1.2590231	2.1451778	2.0688553	6.8174257
1127.99	1.2653415	2.1460266	2.0717127	6.8159571
1128.001	1.2716583	2.1466286	2.0745783	6.814496
1128.012	1.2779694	2.1468978	2.0774584	6.8128328
1128.0229	1.2842723	2.1469243	2.0803568	6.8109732
1128.0341	1.2905664	2.1469471	2.0832789	6.8091488
1128.045	1.2968513	2.1469688	2.0862298	6.8073225
1128.056	1.3031236	2.1471827	2.0892155	6.8054061
1128.067	1.3093803	2.1476583	2.0922348	6.8034792
1128.078	1.3156214	2.1485431	2.0952833	6.8016725
1128.089	1.3218492	2.1495078	2.0983517	6.7998643
1128.1	1.3280696	2.1503289	2.1014278	6.7979794
1128.111	1.3342918	2.1509287	2.1044962	6.7960186
1128.1219	1.3405253	2.1513498	2.1075428	6.7939696
1128.1331	1.3467746	2.1514773	2.1105597	6.7918463
1128.144	1.3530362	2.1514397	2.1135468	6.7898502
1128.155	1.3592988	2.1514394	2.1165094	6.7877202
1128.166	1.3655474	2.1516058	2.1194637	6.7855592
1128.177	1.3717651	2.1519141	2.122437	6.7836771
1128.188	1.3779398	2.1523926	2.1254487	6.7818346
1128.199	1.3840693	2.153091	2.1285074	6.77986
1128.21	1.3901635	2.1539266	2.1316161	6.7780552
1128.2209	1.396238	2.1547048	2.1347632	6.7763443
1128.2321	1.4023105	2.1553063	2.1379209	6.7745752
1128.243	1.4083979	2.1558259	2.1410687	6.7727938
1128.254	1.4145122	2.1561489	2.1442013	6.7710204
1128.265	1.4206554	2.1563375	2.1473165	6.7693844
1128.276	1.4268249	2.1563377	2.150423	6.7678847
1128.287	1.4330159	2.1562626	2.1535435	6.7662396
1128.298	1.4392225	2.1565361	2.1566942	6.7646093
1128.309	1.445437	2.1570799	2.159874	6.763073
1128.3199	1.4516549	2.1577492	2.1630816	6.7614913
1128.3311	1.4578757	2.1585822	2.1663108	6.7598119
1128.342	1.4641	2.1595256	2.1695454	6.7582874
1128.353	1.4703306	2.1601582	2.1727719	6.7568731
1128.364	1.4765725	2.1604683	2.1759896	6.7554684
1128.375	1.4828289	2.1606388	2.1791985	6.754056
1128.386	1.4890976	2.1608405	2.1823962	6.7527113
1128.397	1.4953729	2.1608095	2.1855848	6.7513933
1128.408	1.5016466	2.1608236	2.1887677	6.7500591
1128.4189	1.507911	2.1612859	2.1919403	6.7486839
1128.4301	1.5141628	2.1620629	2.1950989	6.7474103
1128.441	1.520406	2.1628175	2.1982474	6.7463117
1128.452	1.5266495	2.1637521	2.2013915	6.7452035
1128.463	1.5329033	2.1647835	2.2045364	6.7442765
1128.474	1.5391749	2.1654949	2.2076902	6.743566
1128.485	1.5454652	2.1658425	2.2108595	6.7428899
1128.496	1.5517687	2.1660795	2.214041	6.7420335
1128.507	1.5580782	2.1663327	2.2172246	6.7412839
1128.5179	1.5643878	2.1663117	2.2204049	6.7406702
1128.5291	1.5706946	2.1662688	2.2235799	6.7400718
1128.54	1.5770005	2.1666319	2.2267554	6.7394562
1128.551	1.5833111	2.1673918	2.2299485	6.7390857
1128.562	1.5896286	2.1682601	2.2331841	6.7388053
1128.573	1.5959508	2.1692188	2.2364771	6.7383661
1128.584	1.6022731	2.1702368	2.2398326	6.738009
1128.595	1.6085887	2.1710413	2.2432437	6.7377582
1128.606	1.6148918	2.1714139	2.2466908	6.7376604
1128.6169	1.621181	2.1715515	2.2501483	6.73768
1128.6281	1.627462	2.1717026	2.2535975	6.7378502
1128.639	1.6337427	2.1718102	2.2570269	6.738153
1128.65	1.6400301	2.1718421	2.260432	6.7386289
1128.661	1.6463268	2.1721604	2.2638135	6.7389789
1128.672	1.6526295	2.172879	2.2671759	6.7394466
1128.683	1.6589291	2.1736648	2.2705212	6.740037
1128.694	1.665216	2.1744893	2.2738504	6.7406292
1128.705	1.671483	2.175205	2.2771645	6.7410722
1128.7159	1.677731	2.1758289	2.2804656	6.7416835
1128.7271	1.6839674	2.1761594	2.2837553	6.7422943
1128.738	1.6902039	2.1762464	2.2870378	6.7429624
1128.749	1.6964527	2.176265	2.2903159	6.7437139
1128.76	1.7027227	2.1763794	2.2935922	6.7446074
1128.771	1.7090154	2.1765041	2.2968683	6.7454481
1128.782	1.7153254	2.1768117	2.3001447	6.7462211
1128.793	1.721642	2.1775107	2.3034225	6.7468309
1128.804	1.7279544	2.1784132	2.3067043	6.7474546
1128.8151	1.7342527	2.1792452	2.3099926	6.7481837
1128.826	1.7405314	2.1799634	2.3132889	6.749052
1128.837	1.7467916	2.1805594	2.316592	6.7499995
1128.848	1.7530376	2.1809316	2.3198974	6.75107
1128.859	1.7592746	2.1810279	2.3231938	6.7522302
1128.87	1.7655083	2.1809728	2.3264711	6.7533231
1128.881	1.7717431	2.1810031	2.3297243	6.7542243
1128.892	1.7779802	2.1811855	2.3329544	6.7552304
1128.903	1.784219	2.1816056	2.3361695	6.7562609
1128.9141	1.7904598	2.1822505	2.3393843	6.7573371
1128.925	1.7967008	2.1830878	2.3426123	6.7585101
1128.936	1.8029401	2.1840436	2.3458579	6.7600298
1128.947	1.8091755	2.1847522	2.3491168	6.761714
1128.958	1.8154066	2.185194	2.3523781	6.7635493
1128.969	1.8216323	2.1854918	2.3556283	6.7655878
1128.98	1.8278525	2.1856325	2.3588548	6.7677665
1128.991	1.8340681	2.1856315	2.3620541	6.7699633
1129.002	1.8402795	2.185673	2.365232	6.7721815
1129.0131	1.8464839	2.1859376	2.3683987	6.7747383
1129.024	1.8526782	2.1864655	2.3715649	6.7774925
1129.035	1.8588581	2.1872213	2.3747432	6.7805219
1129.046	1.8650216	2.1880555	2.3779404	6.7838607
1129.057	1.8711696	2.1890318	2.3811553	6.7873607
1129.068	1.8773075	2.1897764	2.3843811	6.7908182
1129.079	1.8834441	2.1902363	2.3876066	6.7941484
1129.09	1.8895888	2.190558	2.3908176	6.7973905
1129.101	1.8957477	2.190805	2.3940024	6.8005695
1129.1121	1.9019225	2.1908615	2.3971541	6.8038459
1129.123	1.9081123	2.1908634	2.4002752	6.8073497
1129.134	1.914313	2.1910675	2.4033773	6.8109689
1129.145	1.9205194	2.1915698	2.4064784	6.8147964
1129.156	1.9267297	2.192251	2.4095957	6.8187718
1129.167	1.9329444	2.1929729	2.4127426	6.8228598
1129.178	1.9391621	2.193804	2.4159231	6.8268061
1129.189	1.9453834	2.1945295	2.4191282	6.8307571
1129.2	1.9516095	2.1949337	2.4223399	6.8346386
1129.2111	1.9578394	2.1950963	2.4255345	6.8384404
1129.222	1.9640715	2.1952589	2.4286892	6.8422093
1129.233	1.9703063	2.1953113	2.4317884	6.8460717
1129.244	1.9765424	2.1952631	2.4348254	6.85007
1129.255	1.9827765	2.1954052	2.4378028	6.8541937
1129.266	1.9890054	2.1959012	2.4407313	6.8582816
1129.277	1.9952279	2.1966114	2.4436219	6.8625431
1129.288	2.0014439	2.1973925	2.4464817	6.8667002
1129.299	2.0076561	2.1981928	2.4493151	6.8707719
1129.3101	2.0138702	2.1989393	2.4521246	6.8747993
1129.321	2.0200934	2.199441	2.4549129	6.8789401
1129.332	2.0263305	2.1996527	2.4576876	6.8830018
1129.343	2.0325828	2.1997361	2.4604647	6.8872366
1129.354	2.0388486	2.1998634	2.4632654	6.891541
1129.365	2.0451231	2.2000234	2.4661105	6.8958173
1129.376	2.0514007	2.200346	2.4690156	6.9000621
1129.387	2.0576756	2.2009897	2.4719887	6.9041872
1129.3979	2.063946	2.2018828	2.4750247	6.9080782
1129.4091	2.0702128	2.2028658	2.478106	6.9120808
1129.42	2.0764809	2.2037637	2.4812076	6.9160647
1129.431	2.0827579	2.204474	2.4843028	6.920125
1129.442	2.0890503	2.2049899	2.4873676	6.9243636
1129.453	2.0953631	2.2051857	2.4903867	6.9288125
1129.464	2.1016958	2.2051485	2.4933567	6.9331636
1129.475	2.1080399	2.2051668	2.4962842	6.9375792
1129.486	2.1143842	2.2053213	2.4991829	6.9417529
1129.4969	2.1207178	2.205668	2.502068	6.9457989
1129.5081	2.1270323	2.2062752	2.5049503	6.9496613
1129.519	2.1333265	2.207278	2.5078342	6.9534488
1129.53	2.1396091	2.2083426	2.510715	6.9573607
1129.541	2.1458926	2.2092237	2.5135794	6.9615459
1129.552	2.1521883	2.2098286	2.5164068	6.9657793
1129.563	2.1585042	2.2102544	2.5191748	6.9701228
1129.574	2.1648409	2.2104924	2.5218625	6.974637
1129.585	2.1711884	2.2104819	2.5244551	6.9789796
1129.5959	2.1775296	2.2104158	2.5269518	6.9832044
1129.6071	2.1838493	2.2104897	2.5293665	6.9873385
1129.618	2.1901357	2.2108672	2.5317264	6.9915447
1129.629	2.1963823	2.2113698	2.5340645	6.9956098
1129.64	2.2025936	2.2120793	2.5364175	6.9997053
1129.651	2.2087827	2.2130013	2.5388114	7.0040088
1129.662	2.2149634	2.2138641	2.5412605	7.0084796
1129.673	2.221149	2.2143669	2.5437646	7.0129523
1129.684	2.2273507	2.2147377	2.5463164	7.0173101
1129.6949	2.2335751	2.215029	2.5488999	7.0216355
1129.7061	2.2398229	2.2150993	2.5514975	7.0257211
1129.717	2.2460918	2.2150314	2.5540936	7.0297084
1129.728	2.2523794	2.2151902	2.5566781	7.033576
1129.739	2.2586825	2.2156475	2.5592422	7.0377522
1129.75	2.2649953	2.2162316	2.5617788	7.0419769
1129.761	2.2713137	2.2170389	2.5642838	7.0464416
1129.772	2.2776337	2.2179976	2.566756	7.0508723
1129.783	2.2839522	2.218904	2.5691917	7.0553765
1129.7939	2.290266	2.2195337	2.5715897	7.0596933
1129.8051	2.2965751	2.2198882	2.5739558	7.0639629
1129.816	2.3028805	2.2201147	2.576298	7.0680013
1129.827	2.3091826	2.2202828	2.5786242	7.0720859
1129.838	2.3154793	2.2202799	2.580945	7.0761423
1129.849	2.3217683	2.2203496	2.583266	7.0803719
1129.86	2.3280451	2.2208135	2.5855839	7.0846796
1129.871	2.3343053	2.221421	2.587889	7.0890722
1129.882	2.3405466	2.22207	2.590167	7.0934629
1129.8929	2.3467715	2.2229185	2.592402	7.0979333
1129.9041	2.3529844	2.2237425	2.5945795	7.10219
1129.915	2.3591902	2.2242992	2.596688	7.106297
1129.926	2.3653929	2.2245727	2.5987191	7.1102519
1129.937	2.3715918	2.2247319	2.6006656	7.1140242
1129.948	2.3777821	2.2248094	2.6025207	7.1175704
1129.959	2.3839574	2.2248387	2.6042809	7.1208339
1129.97	2.3901131	2.2249115	2.6059475	7.1240797
1129.981	2.3962469	2.2253034	2.6075234	7.1272559
1129.9919	2.4023621	2.2259374	2.6090128	7.1302662
1130.0031	2.4084666	2.2267096	2.610419	7.1330886
1130.014	2.4145684	2.2275512	2.6117401	7.1359158
1130.025	2.4206741	2.2282932	2.6129675	7.1386127
1130.036	2.4267898	2.2288241	2.6140935	7.1412139
1130.047	2.4329178	2.2290659	2.615113	7.1437411
1130.058	2.4390583	2.2291811	2.6160231	7.146204
1130.069	2.4452114	2.2291963	2.6168292	7.1484995
1130.08	2.4513781	2.2291923	2.617543	7.150537
1130.0909	2.4575572	2.2293196	2.6181741	7.1522374
1130.1021	2.463748	2.2297516	2.6187303	7.1536393
1130.113	2.4699497	2.2303848	2.6192222	7.1548328
1130.124	2.47616	2.2312686	2.6196561	7.1557126
1130.135	2.4823763	2.2322466	2.6200359	7.1563778
1130.146	2.4885976	2.2329772	2.6203685	7.1568661
1130.157	2.4948225	2.2336028	2.6206596	7.1571393
1130.168	2.5010514	2.2339754	2.6209123	7.1571736
1130.179	2.5072861	2.2340586	2.6211288	7.157074
1130.1901	2.5135288	2.2339902	2.6213102	7.1567822
1130.201	2.5197818	2.2339554	2.6214573	7.1563272
1130.212	2.5260468	2.2341187	2.6215718	7.1557703
1130.223	2.5323231	2.2344909	2.6216545	7.1551261
1130.234	2.53861	2.2350767	2.6217074	7.1543922
1130.245	2.5449038	2.2359133	2.6217356	7.1535373
1130.256	2.5512009	2.2368708	2.6217437	7.1525893
1130.267	2.5574963	2.2375748	2.6217351	7.1516337
1130.278	2.5637863	2.238055	2.6217179	7.1504407
1130.2891	2.5700653	2.238498	2.6217034	7.1492238
1130.3	2.5763292	2.2387848	2.6217	7.1479425
1130.311	2.582577	2.2388661	2.6217191	7.1465898
1130.322	2.588809	2.2390232	2.6217771	7.1450973
1130.333	2.5950289	2.2394347	2.6218858	7.1436672
1130.344	2.6012437	2.2399938	2.6220517	7.1422105
1130.355	2.6074622	2.2405972	2.6222782	7.1405654
1130.366	2.613692	2.2414742	2.6225619	7.1389766
1130.377	2.6199412	2.2424634	2.6228898	7.1374984
1130.3881	2.6262155	2.2431283	2.6232448	7.1359415
1130.399	2.6325185	2.2435291	2.6236112	7.1342621
1130.41	2.6388524	2.2439494	2.6239753	7.1327434
1130.421	2.6452148	2.2442689	2.624326	7.1312284
1130.432	2.6515982	2.2443902	2.6246574	7.129621
1130.443	2.6579897	2.244556	2.6249661	7.1280384
1130.454	2.6643744	2.244997	2.6252513	7.1266017
1130.465	2.6707373	2.2456424	2.6255107	7.1251454
1130.476	2.6770678	2.2462871	2.6257441	7.1237783
1130.4871	2.6833634	2.2470965	2.6259546	7.1222572
1130.498	2.6896319	2.2480969	2.6261444	7.1207266
1130.509	2.6958857	2.2488174	2.626317	7.1191192
1130.52	2.7021389	2.2490892	2.6264744	7.1175852
1130.531	2.7084053	2.249316	2.6266177	7.1160111
1130.542	2.714694	2.2495136	2.6267457	7.1145782
1130.553	2.7210059	2.2494459	2.6268575	7.1133413
1130.564	2.7273359	2.2493584	2.6269531	7.1120439
1130.575	2.7336762	2.2495813	2.6270339	7.1106844
1130.5861	2.7400141	2.2501941	2.6271019	7.1092277
1130.597	2.7463367	2.2509058	2.6271572	7.1077213
1130.608	2.7526352	2.2517266	2.6271996	7.106112
1130.619	2.7589054	2.252651	2.6272273	7.1044531
1130.63	2.7651486	2.2533948	2.6272361	7.1028261
1130.641	2.7713706	2.2537377	2.6272252	7.1012883
1130.652	2.7775819	2.2539055	2.6271956	7.0996652
1130.663	2.7837915	2.2540736	2.6271515	7.098032
1130.674	2.7900069	2.2540896	2.6271005	7.0965395
1130.6851	2.7962306	2.2540748	2.6270528	7.0949507
1130.696	2.8024621	2.2543731	2.6270175	7.0932565
1130.707	2.8086967	2.2550044	2.627001	7.0917225
1130.718	2.814929	2.2557495	2.6270072	7.0901814
1130.729	2.8211553	2.2566121	2.627032	7.0884376
1130.74	2.8273754	2.2575181	2.6270678	7.0867314
1130.751	2.8335917	2.2582195	2.6271052	7.0850306
1130.762	2.8398099	2.2585967	2.6271358	7.0833726
1130.7729	2.8460362	2.2587759	2.6271527	7.0816941
1130.7841	2.8522732	2.2588282	2.6271572	7.0802045
1130.795	2.8585169	2.2588997	2.6271558	7.0786829
1130.806	2.8647597	2.2589426	2.627156	7.0772586
1130.817	2.8709903	2.2591987	2.6271658	7.0757236
1130.828	2.8771977	2.2597654	2.6271913	7.0742526
1130.839	2.8833768	2.2605512	2.6272333	7.072823
1130.85	2.8895326	2.2614369	2.6272876	7.0714808
1130.861	2.8956757	2.262285	2.6273479	7.0700889
1130.8719	2.9018192	2.2629688	2.6274068	7.0687485
1130.8831	2.9079759	2.2633889	2.6274559	7.0672817
1130.894	2.9141538	2.2636447	2.6274903	7.0657868
1130.905	2.9203532	2.2637534	2.6275067	7.0642028
1130.916	2.9265692	2.2637541	2.6275043	7.0625463
1130.927	2.9327955	2.2638826	2.6274862	7.0608001
1130.938	2.9390264	2.2642188	2.6274576	7.0591569
1130.949	2.9452555	2.2647119	2.6274216	7.0574265
1130.96	2.9514787	2.265455	2.6273828	7.0557966
1130.9709	2.9576933	2.2663217	2.6273475	7.0542316
1130.9821	2.9638984	2.2670813	2.6273167	7.0528078
1130.993	2.9700933	2.2676353	2.6272898	7.0511942
1131.004	2.9762805	2.2679842	2.6272697	7.0495338
1131.015	2.9824653	2.2682357	2.6272562	7.0479155
1131.026	2.9886534	2.2683718	2.6272435	7.0463271
1131.037	2.9948523	2.2683785	2.6272304	7.0446763
1131.048	3.0010681	2.2684209	2.6272178	7.0430875
1131.059	3.0073032	2.2688792	2.6272027	7.0416493
1131.0699	3.0135548	2.2694325	2.6271853	7.0402389
1131.0811	3.0198138	2.2700956	2.6271701	7.0387197
1131.092	3.0260682	2.2709966	2.6271603	7.0371342
1131.103	3.0323064	2.2718318	2.627157	7.035603
1131.114	3.0385206	2.2723331	2.6271594	7.0339642
1131.125	3.044713	2.2726412	2.627167	7.0322628
1131.136	3.0508943	2.2729268	2.6271744	7.030551
1131.147	3.0570805	2.2730348	2.6271737	7.0289707
1131.158	3.0632865	2.2729607	2.6271565	7.0274205
1131.1689	3.0695238	2.2730515	2.6271176	7.0259089
1131.1801	3.0757937	2.2735665	2.627054	7.0243316
1131.191	3.0820887	2.2741613	2.6269684	7.0228572
1131.202	3.0883956	2.2747996	2.6268721	7.0211844
1131.213	3.094703	2.2756996	2.6267807	7.0194321
1131.224	3.101001	2.2766626	2.6267102	7.0176539
1131.235	3.1072857	2.2772431	2.626672	7.0159464
1131.246	3.1135602	2.2776418	2.6266689	7.0142241
1131.257	3.1198323	2.2780652	2.6266942	7.0126867
1131.2679	3.1261082	2.2782962	2.6267343	7.0112872
1131.2791	3.1323929	2.2782993	2.6267717	7.0100174
1131.29	3.13869	2.2784078	2.6267931	7.0088148
1131.301	3.1449969	2.2788777	2.6267943	7.0074286
1131.312	3.1513071	2.279587	2.6267769	7.0060568
1131.323	3.1576152	2.2803721	2.6267514	7.0047712
1131.334	3.1639183	2.2812552	2.6267323	7.0033441
1131.345	3.1702151	2.2822161	2.62673	7.0018635
1131.356	3.1765084	2.282897	2.6267483	7.0005708
1131.3669	3.1828046	2.2831926	2.6267855	6.9992476
1131.3781	3.1891074	2.2834687	2.6268332	6.9979091
